	0	0.7	0	0	0.5
	0.001	0.7	0.0005	-9.85628e-05	0.5
	0.00403283	0.699999	0.0020164	-0.000397497	0.499992
	0.0128905	0.699992	0.00644491	-0.0012709	0.499923
	0.0349453	0.69994	0.0174661	-0.0034518	0.499435
	0.0662024	0.699783	0.0330565	-0.00657553	0.497981
	0.0989835	0.699513	0.0493431	-0.00992164	0.495522
	0.133702	0.699105	0.0664873	-0.0135754	0.491921
	0.164194	0.698641	0.0814283	-0.0168982	0.487968
	0.194968	0.698068	0.0963748	-0.0203733	0.483284
	0.225742	0.697386	0.111167	-0.0239777	0.477963
	0.256517	0.696591	0.125787	-0.0277139	0.472069
	0.287291	0.695679	0.140217	-0.0315804	0.465666
	0.318065	0.694646	0.154444	-0.0355728	0.458815
	0.349001	0.693482	0.168526	-0.0397068	0.45154
	0.380942	0.692144	0.182824	-0.0440941	0.44368
	0.414174	0.690601	0.197428	-0.0487784	0.435193
	0.44902	0.688814	0.212433	-0.0538117	0.426022
	0.48584	0.686733	0.227938	-0.0592565	0.416101
	0.52508	0.684291	0.244055	-0.0651939	0.405346
	0.567174	0.68141	0.260872	-0.0717126	0.393686
	0.610925	0.678122	0.27783	-0.0786507	0.381518
	0.654676	0.674526	0.294256	-0.0857593	0.369381
	0.698427	0.670615	0.310153	-0.0930482	0.357346
	0.741397	0.666459	0.325257	-0.100396	0.345681
	0.785138	0.661901	0.340122	-0.108085	0.334017
	0.829989	0.656872	0.354839	-0.11621	0.322321
	0.876106	0.651315	0.369433	-0.124842	0.310612
	0.92205	0.645375	0.383442	-0.13375	0.2993
	0.967906	0.639032	0.396915	-0.142975	0.288387
	1.01373	0.632262	0.409888	-0.152555	0.277876
	1.0596	0.625038	0.4224	-0.162533	0.267763
	1.10549	0.617341	0.434465	-0.172934	0.258056
	1.15147	0.609143	0.446113	-0.183797	0.248748
	1.19753	0.600417	0.457364	-0.195152	0.239833
	1.2436	0.591154	0.468217	-0.207007	0.231316
	1.28972	0.581325	0.478694	-0.219392	0.223176
	1.3359	0.570896	0.488819	-0.232336	0.215387
	1.38203	0.55987	0.498582	-0.245827	0.207941
	1.42819	0.5482	0.508015	-0.259906	0.200788
	1.47434	0.535867	0.517122	-0.274577	0.193895
	1.52059	0.522816	0.525934	-0.289886	0.187198
	1.56685	0.509043	0.534441	-0.305812	0.180657
	1.6131	0.494519	0.542647	-0.322361	0.174209
	1.65935	0.479214	0.550556	-0.339535	0.167784
	1.70016	0.46504	0.557286	-0.355204	0.162072
	1.74127	0.450102	0.56383	-0.371473	0.156212
	1.78239	0.434486	0.57013	-0.388214	0.150183
	1.82351	0.418172	0.576177	-0.405413	0.143913
	1.86462	0.401142	0.58196	-0.423047	0.137325
	1.90088	0.385516	0.586829	-0.438936	0.131187
	1.93742	0.369179	0.591504	-0.455244	0.124627
	1.97396	0.352242	0.595932	-0.471816	0.117629
	2.0105	0.334695	0.600094	-0.488616	0.110128
	2.04704	0.316531	0.603973	-0.505599	0.102056
	2.07957	0.299841	0.607168	-0.520827	0.094337
	2.11225	0.282569	0.610117	-0.536193	0.0860216
	2.14493	0.264795	0.612784	-0.551574	0.0770979
	2.17761	0.246518	0.615149	-0.566916	0.0675185
	2.21029	0.227742	0.617189	-0.582158	0.0572377
	2.24297	0.20847	0.618882	-0.597232	0.0462128
	2.27158	0.191194	0.620058	-0.610236	0.0359181
	2.30048	0.173374	0.620938	-0.623124	0.0248896
	2.32937	0.155187	0.62149	-0.63571	0.0132057
	2.35827	0.13664	0.621695	-0.647928	0.000850584
	2.38716	0.117747	0.621533	-0.659712	-0.012186
	2.41606	0.0985206	0.620984	-0.67099	-0.0259084
	2.44186	0.0810828	0.620151	-0.680575	-0.0387402
	2.46776	0.0633351	0.618975	-0.68968	-0.0521636
	2.49326	0.0456432	0.617471	-0.69808	-0.0658946
	2.51836	0.02802	0.615642	-0.705757	-0.0799023
	2.5431	0.0104722	0.61349	-0.712694	-0.0941581
	2.5675	-0.00699242	0.611017	-0.718878	-0.108631
	2.59158	-0.0243668	0.608226	-0.724296	-0.123289
	2.61535	-0.0416465	0.605118	-0.72894	-0.138099
	2.63885	-0.0588233	0.601698	-0.732801	-0.153026
	2.6621	-0.0758961	0.597967	-0.735875	-0.168038
	2.68511	-0.0928561	0.593927	-0.738157	-0.183097
	2.70791	-0.109701	0.589582	-0.739646	-0.198169
	2.73051	-0.126429	0.584933	-0.740342	-0.213218
	2.75294	-0.143038	0.579982	-0.740247	-0.228211
	2.77523	-0.159523	0.574731	-0.739366	-0.24311
	2.79737	-0.175882	0.569183	-0.737702	-0.25788
	2.81941	-0.192113	0.563339	-0.735264	-0.272486
	2.84136	-0.208216	0.5572	-0.732059	-0.286893
	2.86323	-0.224187	0.550769	-0.728099	-0.301066
	2.88506	-0.24003	0.544045	-0.723392	-0.314976
	2.90687	-0.25575	0.537026	-0.717949	-0.328594
	2.92866	-0.271326	0.529722	-0.71179	-0.341868
	2.95047	-0.286778	0.522123	-0.704923	-0.354785
	2.9723	-0.302087	0.51424	-0.697371	-0.367298
	2.99419	-0.317264	0.506067	-0.689147	-0.379385
	3.01614	-0.332293	0.497611	-0.680277	-0.391004
	3.03817	-0.347177	0.488873	-0.670781	-0.402128
	3.06033	-0.361929	0.479844	-0.660671	-0.412739
	3.08261	-0.376529	0.470536	-0.649981	-0.422795
	3.10503	-0.390979	0.460949	-0.638734	-0.432272
	3.12762	-0.405276	0.451082	-0.626955	-0.441144
	3.1504	-0.419419	0.440937	-0.61467	-0.449386
	3.17338	-0.433395	0.430524	-0.601918	-0.456971
	3.19659	-0.447213	0.419836	-0.588715	-0.463883
	3.22003	-0.460857	0.408885	-0.575105	-0.470095
	3.24373	-0.474322	0.397677	-0.561121	-0.47559
	3.26769	-0.487594	0.386224	-0.546808	-0.480349
	3.29196	-0.500686	0.374518	-0.53218	-0.484365
	3.31655	-0.513588	0.362566	-0.517277	-0.487626
	3.34147	-0.526294	0.350378	-0.502135	-0.490122
	3.36671	-0.538771	0.337988	-0.486824	-0.491845
	3.39229	-0.551029	0.325389	-0.471359	-0.492797
	3.41825	-0.563063	0.312592	-0.455778	-0.49298
	3.44457	-0.574853	0.299622	-0.440133	-0.4924
	3.47133	-0.586417	0.286466	-0.424428	-0.491066
	3.49848	-0.59773	0.273156	-0.408722	-0.488991
	3.52608	-0.608793	0.259698	-0.393036	-0.486189
	3.55411	-0.61959	0.246118	-0.377415	-0.482683
	3.58263	-0.630131	0.232411	-0.361865	-0.478489
	3.61158	-0.640382	0.218629	-0.346452	-0.473646
	3.64106	-0.650369	0.204744	-0.331152	-0.468167
	3.67106	-0.660077	0.190787	-0.316002	-0.462087
	3.70164	-0.669508	0.17676	-0.301005	-0.455434
	3.73273	-0.678636	0.162709	-0.286207	-0.448258
	3.76445	-0.687481	0.148611	-0.27158	-0.440578
	3.79682	-0.696037	0.134481	-0.257129	-0.43243
	3.82985	-0.704294	0.120338	-0.242864	-0.423859
	3.86357	-0.712243	0.106198	-0.228789	-0.414908
	3.89802	-0.719885	0.0920619	-0.214885	-0.405612
	3.93328	-0.727218	0.0779298	-0.201136	-0.39601
	3.96936	-0.734227	0.0638222	-0.187538	-0.386153
	4.00641	-0.740924	0.0497023	-0.174033	-0.376055
	4.04436	-0.747274	0.0356232	-0.160643	-0.365799
	4.08342	-0.753287	0.0215391	-0.147295	-0.355397
	4.12362	-0.758939	0.00746451	-0.133969	-0.344911
	4.16435	-0.764127	-0.00637237	-0.120846	-0.334565
	4.20555	-0.768838	-0.019947	-0.107913	-0.324435
	4.24726	-0.773071	-0.0332712	-0.0951244	-0.314572
	4.28952	-0.776822	-0.0463613	-0.082431	-0.305018
	4.33238	-0.780084	-0.0592366	-0.0697818	-0.29582
	4.37588	-0.782843	-0.0719091	-0.0571338	-0.287025
	4.42006	-0.785086	-0.0844041	-0.0444322	-0.278676
	4.46498	-0.786794	-0.0967447	-0.0316248	-0.270818
	4.51072	-0.787944	-0.108961	-0.0186534	-0.263494
	4.55735	-0.788506	-0.121088	-0.00545305	-0.256747
	4.605	-0.788444	-0.133173	0.0080512	-0.250622
	4.65382	-0.787712	-0.145272	0.0219504	-0.24516
	4.704	-0.78625	-0.15745	0.0363463	-0.240414
	4.75421	-0.784061	-0.16942	0.0509092	-0.236544
	4.80439	-0.781137	-0.181212	0.0656656	-0.233551
	4.85452	-0.777471	-0.192862	0.0806484	-0.231424
	4.90457	-0.773054	-0.20441	0.0958926	-0.230145
	4.95449	-0.76788	-0.215884	0.11142	-0.229688
	5.00429	-0.761939	-0.227327	0.127271	-0.230018
	5.05392	-0.755222	-0.238767	0.14347	-0.231094
	5.10338	-0.747718	-0.250238	0.160051	-0.232865
	5.15267	-0.739411	-0.261774	0.177053	-0.235277
	5.20118	-0.730407	-0.273256	0.194291	-0.238225
	5.24969	-0.720553	-0.284894	0.212071	-0.241678
	5.2982	-0.709823	-0.29671	0.230437	-0.245565
	5.34671	-0.698187	-0.308723	0.249429	-0.249801
	5.38887	-0.687311	-0.319338	0.26648	-0.253694
	5.43156	-0.675559	-0.330254	0.284281	-0.25776
	5.47424	-0.663034	-0.341344	0.302653	-0.26187
	5.51693	-0.649712	-0.352609	0.321618	-0.265935
	5.55426	-0.637389	-0.362601	0.338707	-0.269376
	5.59198	-0.624279	-0.372826	0.356464	-0.272668
	5.62971	-0.610489	-0.383169	0.37472	-0.275694
	5.66743	-0.596001	-0.393621	0.393478	-0.278367
	5.70132	-0.582373	-0.403092	0.410759	-0.280391
	5.73528	-0.568124	-0.412642	0.428471	-0.281986
	5.76924	-0.553267	-0.422238	0.446571	-0.283072
	5.8032	-0.537788	-0.431862	0.465042	-0.283569
	5.83716	-0.521677	-0.441491	0.483859	-0.283396
	5.86731	-0.506833	-0.450025	0.50083	-0.282611
	5.89764	-0.491384	-0.458575	0.51812	-0.28116
	5.92796	-0.475408	-0.467069	0.535599	-0.278983
	5.95829	-0.4589	-0.475486	0.553224	-0.276018
	5.98861	-0.441856	-0.483801	0.570947	-0.272203
	6.01893	-0.424273	-0.491986	0.588714	-0.26748
	6.04566	-0.40833	-0.499069	0.604357	-0.26252
	6.07257	-0.391855	-0.506058	0.620045	-0.256731
	6.09902	-0.375254	-0.512764	0.635344	-0.250233
	6.125	-0.35855	-0.519175	0.65021	-0.243041
	6.15056	-0.341747	-0.525288	0.664614	-0.235164
	6.17571	-0.32486	-0.531095	0.678516	-0.22662
	6.20044	-0.307914	-0.536588	0.691872	-0.217438
	6.22479	-0.290907	-0.541765	0.70466	-0.207635
	6.24879	-0.273849	-0.546625	0.71685	-0.197236
	6.27246	-0.256743	-0.551165	0.728418	-0.186267
	6.29581	-0.239606	-0.555382	0.739331	-0.174762
	6.31886	-0.222447	-0.559272	0.749565	-0.162755
	6.34162	-0.205276	-0.562836	0.759097	-0.150282
	6.36413	-0.188086	-0.566075	0.767914	-0.137369
	6.3864	-0.170893	-0.568987	0.775994	-0.124058
	6.40846	-0.153699	-0.571573	0.783322	-0.110384
	6.4303	-0.136512	-0.573832	0.789884	-0.0963859
	6.45197	-0.119334	-0.575767	0.795669	-0.0821017
	6.47348	-0.102167	-0.577377	0.800669	-0.067567
	6.49484	-0.085016	-0.578663	0.804876	-0.0528213
	6.51608	-0.0678803	-0.579627	0.808284	-0.0379005
	6.53722	-0.0507646	-0.58027	0.810888	-0.0228444
	6.55828	-0.0336678	-0.580591	0.812688	-0.00768823
	6.57928	-0.0165945	-0.580593	0.813681	0.00752787
	6.60023	0.000455251	-0.580276	0.813869	0.0227678
	6.62115	0.0174782	-0.57964	0.813253	0.0379927
	6.64206	0.0344738	-0.578687	0.811837	0.0531666
	6.66299	0.0514408	-0.577416	0.809627	0.068253
	6.68395	0.0683782	-0.575829	0.806628	0.0832161
	6.70495	0.0852831	-0.573925	0.802849	0.098019
	6.72602	0.102155	-0.571705	0.7983	0.112627
	6.74719	0.118994	-0.569169	0.792989	0.127008
	6.76845	0.135793	-0.566317	0.786932	0.141123
	6.78983	0.15255	-0.563151	0.780143	0.154938
	6.81136	0.169265	-0.559669	0.772634	0.168424
	6.83305	0.185934	-0.555874	0.764424	0.181547
	6.85493	0.202562	-0.551762	0.755527	0.194282
	6.87699	0.219126	-0.547339	0.745972	0.206585
	6.89926	0.235628	-0.542604	0.735778	0.218432
	6.92178	0.252072	-0.537558	0.724964	0.229801
	6.94455	0.268451	-0.5322	0.713554	0.240665
	6.9676	0.284764	-0.526531	0.701571	0.251001
	6.99095	0.301001	-0.520555	0.689045	0.260782
	7.01461	0.317147	-0.514275	0.676011	0.269984
	7.03859	0.333197	-0.507696	0.662498	0.278589
	7.06292	0.349145	-0.50082	0.648538	0.28658
	7.08761	0.36498	-0.493652	0.634165	0.293942
	7.1127	0.380708	-0.48619	0.619401	0.30067
	7.1382	0.396313	-0.478443	0.604286	0.30675
	7.16412	0.411773	-0.470422	0.588869	0.312172
	7.19046	0.42708	-0.462133	0.573186	0.316935
	7.21727	0.442233	-0.45358	0.557265	0.32104
	7.24456	0.45722	-0.44477	0.541145	0.324491
	7.27236	0.472038	-0.435708	0.524855	0.327296
	7.30068	0.486667	-0.426408	0.508445	0.329462
	7.32952	0.501095	-0.416881	0.491952	0.331003
	7.35896	0.515333	-0.407121	0.475389	0.331936
	7.38896	0.529344	-0.397157	0.458824	0.33228
	7.41961	0.543154	-0.386974	0.44225	0.332056
	7.45091	0.556735	-0.376592	0.425722	0.331289
	7.48289	0.570086	-0.366016	0.409264	0.330006
	7.51563	0.583213	-0.355242	0.392893	0.328233
	7.54908	0.596085	-0.344296	0.376667	0.326006
	7.5834	0.608735	-0.333152	0.360568	0.323349
	7.6186	0.621144	-0.321824	0.344644	0.320298
	7.65472	0.633308	-0.310315	0.328925	0.316888
	7.69189	0.645243	-0.298605	0.313417	0.31315
	7.73018	0.656948	-0.286693	0.298152	0.309117
	7.76925	0.668304	-0.274699	0.283321	0.30487
	7.80858	0.679166	-0.262794	0.269157	0.300516
	7.84823	0.689568	-0.250966	0.25566	0.296093
	7.88822	0.699533	-0.239214	0.24285	0.291638
	7.92857	0.709087	-0.227534	0.230748	0.287182
	7.96932	0.718255	-0.215923	0.219384	0.282748
	8.01048	0.727064	-0.204375	0.208797	0.278353
	8.05209	0.735545	-0.192884	0.199029	0.274005
	8.09419	0.743733	-0.18144	0.190134	0.269702
	8.13684	0.751669	-0.170029	0.182175	0.26543
	8.18015	0.759403	-0.158627	0.175232	0.261161
	8.2243	0.767008	-0.14719	0.169397	0.256843
	8.26827	0.774352	-0.135992	0.164916	0.25253
	8.30719	0.780713	-0.126239	0.162134	0.248649
	8.3464	0.787034	-0.116568	0.160536	0.244623
	8.38071	0.792534	-0.108237	0.160203	0.240952
	8.41543	0.798106	-0.0999381	0.160956	0.237044
	8.44578	0.803014	-0.0927981	0.162579	0.233421
	8.4765	0.808045	-0.0856874	0.165209	0.22951
	8.50352	0.81255	-0.0795359	0.168407	0.225825
	8.53082	0.817202	-0.0734246	0.172545	0.221826
	8.55493	0.821415	-0.0681203	0.177018	0.218029
	8.57926	0.825784	-0.0628669	0.18237	0.213911
	8.60086	0.829783	-0.0582871	0.187891	0.20998
	8.62262	0.833938	-0.0537645	0.194239	0.205732
	8.64201	0.837766	-0.0498136	0.200623	0.201673
	8.66153	0.84175	-0.0459195	0.207799	0.197302
	8.67894	0.845429	-0.04252	0.214893	0.19314
	8.69646	0.849261	-0.0391753	0.222752	0.188679
	8.71211	0.852808	-0.0362545	0.230445	0.184441
	8.72784	0.856496	-0.0333894	0.23887	0.179926
	8.74192	0.859916	-0.0308861	0.247066	0.175646
	8.75606	0.863472	-0.0284343	0.255983	0.171106
	8.76872	0.866768	-0.0262944	0.26461	0.166819
	8.78143	0.870189	-0.0242031	0.273943	0.162294
	8.79281	0.873359	-0.022379	0.282942	0.158035
	8.80426	0.876652	-0.0205961	0.292659	0.153548
	8.81449	0.879693	-0.0190464	0.301981	0.149349
	8.82478	0.882852	-0.0175321	0.31203	0.144936
	8.83398	0.885768	-0.0162167	0.321657	0.140819
	8.84323	0.88879	-0.014934	0.332008	0.136508
	8.85151	0.891579	-0.0138208	0.34191	0.132496
	8.85983	0.894467	-0.0127356	0.35255	0.128306
	8.86727	0.897126	-0.0117958	0.36271	0.12442
	8.87475	0.899879	-0.0108804	0.373619	0.12037
	8.88143	0.902411	-0.0100882	0.384029	0.116624
	8.88815	0.905029	-0.00931744	0.395198	0.112729
	8.89416	0.907437	-0.00865044	0.40586	0.109132
	8.90021	0.909923	-0.00800236	0.417289	0.105402
	8.90561	0.912209	-0.00744153	0.428205	0.101961
	8.91104	0.914566	-0.00689742	0.439895	0.0984041
	8.91591	0.916734	-0.00642632	0.451073	0.0951246
	8.9208	0.918967	-0.00596979	0.463037	0.0917426
	8.92517	0.921017	-0.00557527	0.474461	0.0886345
	8.92956	0.923128	-0.00519302	0.486693	0.0854343
	8.9335	0.925064	-0.00486275	0.498376	0.0824979
	8.93745	0.927058	-0.00454275	0.510892	0.0794787
	8.94099	0.928886	-0.00426646	0.522843	0.0767144
	8.94454	0.930767	-0.00399888	0.535646	0.0738779
	8.94773	0.932493	-0.00376752	0.547895	0.0712813
	8.95092	0.934265	-0.00354391	0.560996	0.0686269
	8.95379	0.935889	-0.00335092	0.57351	0.0662061
	8.95666	0.937559	-0.00316393	0.586928	0.0637304
	8.95924	0.939088	-0.00300253	0.599748	0.0614774
	8.96183	0.940659	-0.00284623	0.61349	0.0591798
	8.96415	0.942098	-0.00271133	0.626619	0.0570944
	8.96649	0.943576	-0.0025806	0.640698	0.0549727
	8.96857	0.944923	-0.00246816	0.654098	0.0530595
	8.97067	0.946312	-0.00235877	0.668517	0.0511123
	8.97254	0.94758	-0.00226447	0.682264	0.0493594
	8.97443	0.948883	-0.00217286	0.697026	0.0475853
	8.97613	0.950076	-0.0020936	0.711141	0.0459899
	8.97783	0.9513	-0.00201663	0.726279	0.0443842
	8.97936	0.952419	-0.00194998	0.74075	0.0429476
	8.98089	0.953564	-0.00188539	0.756213	0.0415143
	8.98226	0.954614	-0.00182916	0.771049	0.0402343
	8.98365	0.955692	-0.00177436	0.786966	0.0389609
	8.98489	0.956678	-0.0017267	0.802195	0.0378353
	8.98613	0.957686	-0.00168034	0.818466	0.0367292
	8.98738	0.958714	-0.00163534	0.83588	0.0356516
	8.98841	0.959589	-0.00159884	0.85138	0.0347812
	8.98947	0.960503	-0.00156233	0.868322	0.0339218
	8.99043	0.961338	-0.00153033	0.884528	0.0331863
	8.99139	0.962193	-0.00149891	0.901868	0.0324896
	8.99234	0.963065	-0.00146813	0.920421	0.0318436
	8.99314	0.963807	-0.00144288	0.936963	0.0313511
	8.99396	0.964582	-0.0014174	0.955019	0.0309002
	8.9947	0.965292	-0.00139476	0.972338	0.0305495
	8.99544	0.966017	-0.0013723	0.990853	0.0302604
	8.99618	0.966756	-0.00135003	1.01066	0.0300457
	8.99679	0.967386	-0.0013315	1.02834	0.0299338
	8.99742	0.968041	-0.00131263	1.04757	0.0298946
	8.99806	0.968709	-0.00129375	1.06813	0.0299447
	8.99858	0.969278	-0.00127789	1.0865	0.0300675
	8.99913	0.969872	-0.00126156	1.10655	0.0302825
	8.99967	0.970477	-0.00124508	1.12798	0.0306034
	9.00012	0.970992	-0.00123115	1.14709	0.0309663
	9.00058	0.971528	-0.00121669	1.16792	0.0314419
	9.00105	0.972074	-0.00120199	1.19018	0.0320399
	9.00143	0.97254	-0.00118945	1.21005	0.0326496
	9.00183	0.973027	-0.00117627	1.23181	0.0333976
	9.00223	0.973523	-0.00116278	1.25506	0.0342874
	9.00256	0.973943	-0.00115124	1.27571	0.0351538
	9.0029	0.97438	-0.00113915	1.29812	0.0361727
	9.00324	0.974824	-0.0011267	1.32204	0.0373494
	9.00353	0.975207	-0.00111578	1.3437	0.0384925
	9.00382	0.975604	-0.00110433	1.36709	0.0398074
	9.00412	0.976007	-0.00109248	1.39207	0.0413018
	9.00436	0.976353	-0.00108211	1.41454	0.0427247
	9.00462	0.976718	-0.001071	1.43926	0.0443746
	9.00485	0.977049	-0.00106069	1.46277	0.0460233
	9.00507	0.977385	-0.00104999	1.48779	0.0478624
	9.0053	0.977728	-0.00103884	1.51448	0.0499193
	9.00549	0.978021	-0.00102905	1.53845	0.0518472
	9.00569	0.978325	-0.00101869	1.56439	0.0540197
	9.00589	0.978634	-0.00100788	1.59206	0.0564337
	9.00605	0.978901	-0.000998319	1.61703	0.0586965
	9.00623	0.979184	-0.000987896	1.64482	0.0613079
	9.00638	0.979439	-0.000978255	1.67104	0.0638607
	9.00654	0.979703	-0.000968067	1.6993	0.0667069
	9.00667	0.979938	-0.000958696	1.7258	0.0694642
	9.00681	0.980178	-0.00094892	1.75396	0.072488
	9.00695	0.980422	-0.000938706	1.78396	0.0758131
	9.00707	0.980633	-0.000929618	1.81115	0.0789199
	9.00719	0.980857	-0.000919698	1.84139	0.0824758
	9.0073	0.981056	-0.000910702	1.86931	0.0858549
	9.00741	0.981263	-0.000901052	1.89982	0.0896486
	9.00752	0.981474	-0.000890964	1.93232	0.0938086
	9.00761	0.981656	-0.000881993	1.96177	0.0976819
	9.00771	0.981844	-0.000872533	1.99339	0.10195
	9.00779	0.982015	-0.000863664	2.02359	0.10613
	9.00787	0.982183	-0.000854763	2.05443	0.110506
	9.00795	0.98234	-0.000846198	2.08464	0.114894
	9.00803	0.982512	-0.000836591	2.11915	0.120031
	9.0081	0.982662	-0.00082801	2.15056	0.12482
	9.00817	0.982819	-0.000818765	2.18503	0.1302
	9.00825	0.982979	-0.000809114	2.22174	0.136072
	9.00831	0.983115	-0.000800672	2.25447	0.141431
	9.00837	0.983253	-0.000791874	2.28922	0.147248
	9.00843	0.983395	-0.000782651	2.32636	0.153612
	9.00848	0.983522	-0.000774175	2.36117	0.159709
	9.00854	0.98365	-0.000765355	2.39809	0.16632
	9.00859	0.983768	-0.000757135	2.43316	0.172736
	9.00863	0.983888	-0.000748469	2.47086	0.179779
	9.00868	0.984011	-0.000739441	2.51094	0.187434
	9.00873	0.984116	-0.000731474	2.54702	0.194473
	9.00877	0.984223	-0.000723201	2.58521	0.202075
	9.00881	0.984332	-0.000714598	2.62573	0.210312
	9.00885	0.984442	-0.000705636	2.66885	0.21927
	9.00889	0.984535	-0.000697988	2.70641	0.227234
	9.00892	0.984628	-0.000690057	2.74612	0.235818
	9.00895	0.984721	-0.000681959	2.78749	0.244941
	9.00899	0.984816	-0.000673541	2.83141	0.254825
	9.00902	0.984897	-0.000666204	2.87048	0.263792
	9.00904	0.984978	-0.000658604	2.91175	0.27344
	9.00907	0.985061	-0.00065072	2.95543	0.283854
	9.0091	0.985146	-0.000642529	3.00181	0.295133
	9.00912	0.985217	-0.000635485	3.04252	0.305225
	9.00915	0.985289	-0.000628196	3.08549	0.316069
	9.00917	0.98536	-0.000620744	3.13032	0.327597
	9.00919	0.985434	-0.000613014	3.17782	0.340048
	9.00921	0.985497	-0.000606184	3.22066	0.351489
	9.00923	0.985565	-0.000598615	3.26914	0.364674
	9.00925	0.985627	-0.00059169	3.31443	0.377225
	9.00927	0.985692	-0.000584237	3.36421	0.391278
	9.00929	0.985748	-0.000577604	3.40946	0.404287
	9.0093	0.985802	-0.000571112	3.45462	0.417495
	9.00932	0.985856	-0.00056457	3.50103	0.431304
	9.00934	0.985914	-0.000557369	3.55321	0.447113
	9.00935	0.985965	-0.000550871	3.6013	0.461954
	9.00937	0.986017	-0.000544152	3.65207	0.477897
	9.00938	0.986069	-0.00053724	3.70543	0.494969
	9.00939	0.986114	-0.000531192	3.75311	0.510491
	9.0094	0.986161	-0.000524743	3.80498	0.52767
	9.00942	0.986209	-0.000518016	3.86025	0.546314
	9.00943	0.986249	-0.000512217	3.9089	0.563012
	9.00944	0.98629	-0.00050626	3.95986	0.580791
	9.00945	0.986332	-0.000500112	4.01353	0.599842
	9.00946	0.986376	-0.000493527	4.07228	0.621076
	9.00947	0.986415	-0.000487405	4.12809	0.641621
	9.00948	0.986456	-0.000481041	4.18738	0.663848
	9.00949	0.986493	-0.000475094	4.24399	0.685452
	9.0095	0.986531	-0.000468934	4.30389	0.708731
	9.0095	0.986562	-0.000463789	4.35494	0.728906
	9.00951	0.986591	-0.000458828	4.40506	0.74902
	9.00952	0.986621	-0.000453814	4.45664	0.770037
	9.00952	0.986652	-0.000448312	4.51432	0.793924
	9.00953	0.986686	-0.000442199	4.5798	0.821534
	9.00954	0.986721	-0.000435869	4.64919	0.851371
	9.00954	0.986749	-0.000430766	4.70633	0.876393
	9.00955	0.986779	-0.000425142	4.7706	0.905024
	9.00956	0.986803	-0.000420513	4.82453	0.929453
	9.00956	0.986832	-0.000414975	4.89032	0.959758
	9.00957	0.986855	-0.000410433	4.94535	0.985532
	9.00957	0.986878	-0.000405766	5.00289	1.01291
	9.00957	0.986899	-0.000401405	5.05762	1.03935
	9.00958	0.986925	-0.000396005	5.1267	1.07329
	9.00958	0.986943	-0.000392296	5.17502	1.0974
	9.00959	0.986961	-0.000388527	5.22484	1.12259
	9.00959	0.986978	-0.000384688	5.27637	1.14901
	9.00959	0.986996	-0.000380757	5.32995	1.17686
	9.0096	0.987014	-0.000376729	5.38574	1.20628
	9.0096	0.987027	-0.000373985	5.42428	1.22685
	9.0096	0.987039	-0.000371173	5.46422	1.2484
	9.0096	0.987052	-0.000368271	5.50591	1.27112
	9.00961	0.987064	-0.000365349	5.5484	1.29455
	9.00961	0.987077	-0.000362387	5.59199	1.31884
	9.00961	0.987092	-0.000358803	5.64545	1.34901
	9.00961	0.987107	-0.000355079	5.70183	1.38128
	9.00962	0.987124	-0.000351075	5.76342	1.41707
	9.00962	0.987143	-0.000346349	5.83747	1.46084
	9.00962	0.987162	-0.000341473	5.91539	1.50781
	9.00962	0.987173	-0.000338646	5.96131	1.53592
	9.00963	0.987184	-0.000335765	6.00866	1.56525
	9.00963	0.9872	-0.000331752	6.07557	1.6073
	9.00963	0.987213	-0.000328129	6.13697	1.64651
	9.00963	0.987224	-0.000325321	6.1852	1.67774
	9.00964	0.98724	-0.000320805	6.26397	1.72956
	9.00964	0.987257	-0.000316146	6.3468	1.78517
	9.00964	0.987268	-0.00031287	6.40605	1.82564
	9.00964	0.987279	-0.0003099	6.46046	1.86335
	9.00964	0.987288	-0.000307177	6.51094	1.8988
	9.00965	0.987301	-0.000303512	6.57982	1.94788
	9.00965	0.987312	-0.000300144	6.64406	1.99442
	9.00965	0.987321	-0.000297278	6.69945	2.03515
	9.00965	0.98733	-0.000294537	6.75304	2.0751
	9.00965	0.987338	-0.000292244	6.79834	2.10929
	9.00965	0.987351	-0.000288213	6.87906	2.17118
	9.00965	0.987356	-0.000286424	6.91529	2.19937
	9.00965	0.987362	-0.000284613	6.95227	2.22841
	9.00966	0.98737	-0.000282063	7.00481	2.27012
	9.00966	0.98738	-0.000278774	7.07337	2.3254
	9.00966	0.987392	-0.000274686	7.15991	2.39655
	9.00966	0.987402	-0.00027124	7.23397	2.45869
	9.00966	0.987412	-0.000268121	7.3019	2.51673
	9.00966	0.987423	-0.000264316	7.38593	2.58993
	9.00966	0.987427	-0.000262899	7.41755	2.61788
	9.00966	0.987432	-0.000260864	7.46326	2.6587
	9.00966	0.987438	-0.000258808	7.5098	2.70076
	9.00967	0.987443	-0.000256954	7.5521	2.73943
	9.00967	0.987448	-0.000255224	7.59186	2.77618
	9.00967	0.987453	-0.000253545	7.63066	2.81241
	9.00967	0.987456	-0.000252393	7.65745	2.83764
	9.00967	0.987459	-0.00025123	7.68459	2.86338
	9.00967	0.987467	-0.000248176	7.75645	2.93244
	9.00967	0.987474	-0.000245499	7.82011	2.99473
	9.00967	0.987477	-0.000244316	7.84844	3.0228
	9.00967	0.987481	-0.000242863	7.88341	3.05775
	9.00967	0.987484	-0.000241629	7.91322	3.0878
	9.00967	0.987487	-0.000240519	7.94018	3.11519
	9.00967	0.98749	-0.000239312	7.96958	3.14529
	9.00967	0.987497	-0.000236407	8.0409	3.21933
	9.00967	0.987503	-0.00023391	8.10273	3.2847
	9.00967	0.987509	-0.000231463	8.16385	3.35046
	9.00967	0.987512	-0.000230522	8.18746	3.37617
	9.00967	0.987514	-0.000229575	8.21132	3.40233
	9.00967	0.987516	-0.00022862	8.23544	3.42895
	9.00968	0.987518	-0.000227844	8.2551	3.45079
	9.00968	0.98752	-0.000227062	8.27494	3.47294
	9.00968	0.987524	-0.000225448	8.31607	3.51929
	9.00968	0.98753	-0.000222975	8.37945	3.59182
	9.00968	0.987532	-0.000222134	8.40112	3.61693
	9.00968	0.987534	-0.000221286	8.423	3.64245
	9.00968	0.987535	-0.000220433	8.44508	3.66838
	9.00968	0.987537	-0.000219811	8.46121	3.68742
	9.00968	0.987538	-0.000219186	8.47745	3.70668
	9.00968	0.98754	-0.000218557	8.4938	3.72618
	9.00968	0.987542	-0.000217536	8.52043	3.75813
	9.00968	0.987544	-0.000216648	8.54364	3.7862
	9.00968	0.987546	-0.0002159	8.56324	3.81006
	9.00968	0.987547	-0.000215147	8.583	3.83425
	9.00968	0.987549	-0.000214531	8.59919	3.85419
	9.00968	0.98755	-0.000213907	8.61563	3.87454
	9.00968	0.987552	-0.000213193	8.63445	3.89797
	9.00968	0.987553	-0.000212475	8.65341	3.92171
	9.00968	0.987557	-0.000210757	8.69894	3.97929
	9.00968	0.987559	-0.000210024	8.71839	4.00415
	9.00968	0.98756	-0.000209429	8.73422	4.02449
	9.00968	0.987561	-0.000208831	8.75014	4.04506
	9.00968	0.987563	-0.00020823	8.76617	4.06588
	9.00968	0.987564	-0.000207626	8.7823	4.08693
	9.00968	0.987565	-0.000207019	8.79854	4.10824
	9.00968	0.987568	-0.000205567	8.83742	4.15972
	9.00968	0.987571	-0.000204286	8.87183	4.20586
	9.00968	0.987577	-0.000201593	8.94439	4.30488
	9.00968	0.98758	-0.000200128	8.98399	4.35997
	9.00968	0.987584	-0.00019826	9.03462	4.43153
	9.00968	0.987585	-0.000197532	9.05435	4.45978
	9.00968	0.987588	-0.00019596	9.09709	4.52162
	9.00968	0.987592	-0.000193979	9.15103	4.60107
	9.00968	0.987598	-0.000190933	9.23412	4.72661
	9.00968	0.9876	-0.000190207	9.25395	4.75717
	9.00968	0.987601	-0.000189462	9.27432	4.78879
	9.00968	0.987603	-0.000188704	9.29503	4.82121
	9.00968	0.987604	-0.000188195	9.30894	4.84313
	9.00969	0.987605	-0.000187363	9.33166	4.87921
	9.00969	0.987607	-0.00018652	9.35472	4.91615
	9.00969	0.98761	-0.000184757	9.4029	4.99445
	9.00969	0.987616	-0.00018174	9.48528	5.13206
	9.00969	0.987621	-0.000178639	9.56978	5.27839
	9.00969	0.987625	-0.000176567	9.62605	5.37896
	9.00969	0.987626	-0.000176236	9.63503	5.39526
	9.00969	0.987626	-0.000175904	9.64403	5.41166
	9.00969	0.987627	-0.000175378	9.65828	5.43777
	9.00969	0.987628	-0.000174894	9.67137	5.46192
	9.00969	0.987629	-0.000174408	9.68452	5.48632
	9.00969	0.98763	-0.000173919	9.69771	5.51096
	9.00969	0.987631	-0.000173428	9.71094	5.53584
	9.00969	0.987632	-0.000172936	9.72423	5.56098
	9.00969	0.987632	-0.00017244	9.73755	5.58636
	9.00969	0.987634	-0.000171636	9.75916	5.6279
	9.00969	0.987637	-0.000169803	9.80826	5.72398
	9.00969	0.98764	-0.000167932	9.85808	5.82407
	9.00969	0.987641	-0.000167454	9.87076	5.84998
	9.00969	0.987642	-0.0001671	9.88015	5.86928
	9.00969	0.987642	-0.000166628	9.89262	5.89508
	9.00969	0.987644	-0.000165872	9.91257	5.93673
	9.00969	0.987645	-0.000165047	9.93428	5.98259
	9.00969	0.987648	-0.000163383	9.9778	6.07631
	9.00969	0.987649	-0.000162702	9.99552	6.11518
	9.00969	0.98765	-0.00016192	10.0158	6.16019
	9.00969	0.987651	-0.000161435	10.0283	6.18833
	9.00969	0.987651	-0.000161076	10.0376	6.20921
	9.00969	0.987652	-0.000160653	10.0485	6.23392
	9.00969	0.987653	-0.000160241	10.059	6.25812
	9.00969	0.987654	-0.00015975	10.0716	6.28714
	9.00969	0.987654	-0.000159338	10.0822	6.31161
	9.00969	0.987655	-0.000158924	10.0927	6.33628
	9.00969	0.987655	-0.000158586	10.1013	6.3565
	9.00969	0.987656	-0.00015829	10.1088	6.3743
	9.00969	0.987657	-0.000157855	10.1198	6.40051
	9.00969	0.987657	-0.000157527	10.1281	6.42041
	9.00969	0.987658	-0.000157197	10.1364	6.44045
	9.00969	0.987658	-0.000156691	10.1491	6.47135
	9.00969	0.987661	-0.000155253	10.185	6.56015
	9.00969	0.987665	-0.000152648	10.2489	6.7246
	9.00969	0.987669	-0.00014998	10.313	6.89806
	9.00969	0.987673	-0.000147241	10.3769	7.08143
	9.00969	0.987674	-0.000146676	10.3899	7.12
	9.00969	0.987675	-0.000145866	10.4083	7.1756
	9.00969	0.987676	-0.000145369	10.4195	7.21002
	9.00969	0.987677	-0.000144636	10.4359	7.26106
	9.00969	0.987678	-0.000143957	10.4509	7.30875
	9.00969	0.987678	-0.00014335	10.4642	7.35164
	9.00969	0.987679	-0.000142912	10.4738	7.38278
	9.00969	0.987679	-0.000142721	10.4779	7.39638
	9.00969	0.98768	-0.00014253	10.482	7.41003
	9.00969	0.98768	-0.000142339	10.4862	7.42373
	9.00969	0.987681	-0.000141843	10.4968	7.45939
	9.00969	0.987682	-0.000140551	10.5241	7.5532
	9.00969	0.987683	-0.000140251	10.5304	7.57519
	9.00969	0.987683	-0.00013995	10.5367	7.59731
	9.00969	0.987684	-0.000139648	10.5429	7.61957
	9.00969	0.987684	-0.000139351	10.549	7.64151
	9.00969	0.987685	-0.00013868	10.5627	7.6914
	9.00969	0.987686	-0.000137971	10.577	7.74451
	9.00969	0.987687	-0.000137366	10.589	7.79011
	9.00969	0.987689	-0.000135642	10.6224	7.9217
	9.00969	0.987693	-0.000132978	10.6717	8.13
	9.00969	0.987696	-0.000130281	10.7182	8.34686
	9.00969	0.987696	-0.000130111	10.721	8.36068
	9.00969	0.987697	-0.000129942	10.7238	8.37455
	9.00969	0.987697	-0.000129462	10.7316	8.41387
	9.00969	0.987698	-0.000128981	10.7393	8.45354
	9.00969	0.987699	-0.000128	10.7546	8.5351
	9.00969	0.987702	-0.000125548	10.7907	8.74242
	9.00969	0.987703	-0.000124874	10.8	8.80033
	9.00969	0.987704	-0.000123999	10.8117	8.8761
	9.0097	0.987707	-0.000121494	10.8425	9.09686
	9.0097	0.987708	-0.000120644	10.852	9.17293
	9.0097	0.987708	-0.000120307	10.8556	9.20337
	9.0097	0.987709	-0.000119809	10.8608	9.24837
	9.0097	0.98771	-0.00011912	10.8678	9.31112
	9.0097	0.987711	-0.000118238	10.8761	9.39198
	9.0097	0.987713	-0.000116587	10.8903	9.54531
	9.0097	0.987715	-0.000114831	10.903	9.71117
	9.0097	0.987715	-0.000114167	10.9072	9.77452
	9.0097	0.987716	-0.000113461	10.9112	9.84242
	9.0097	0.987717	-0.00011247	10.9162	9.93843
	9.0097	0.987719	-0.00011123	10.9212	10.0598
	9.0097	0.98772	-0.000110179	10.9243	10.1637
	9.0097	0.987721	-0.000109287	10.9262	10.2529
	9.0097	0.987722	-0.000108089	10.9276	10.3735
	9.0097	0.987722	-0.000107693	10.9277	10.4137
	9.0097	0.987723	-0.000106826	10.9274	10.5021
	9.0097	0.987724	-0.000106551	10.9272	10.5304
	9.0097	0.987724	-0.000105896	10.9263	10.5978
	9.0097	0.987725	-0.000105107	10.9247	10.6795
	9.0097	0.987726	-0.000104456	10.9228	10.7475
	9.0097	0.987726	-0.000104287	10.9223	10.7651
	9.0097	0.987726	-0.000104119	10.9217	10.7828
	9.0097	0.987727	-0.000103681	10.92	10.8287
	9.0097	0.987727	-0.000103404	10.9189	10.858
	9.0097	0.987727	-0.000102977	10.9169	10.9031
	9.0097	0.987728	-0.000102042	10.9119	11.0024
	9.0097	0.98773	-0.000100314	10.9001	11.1881
	9.0097	0.987732	-9.79763e-05	10.8783	11.4433
	9.0097	0.987732	-9.78118e-05	10.8765	11.4614
	9.0097	0.987732	-9.76711e-05	10.875	11.477
	9.0097	0.987733	-9.75303e-05	10.8734	11.4925
	9.0097	0.987733	-9.73893e-05	10.8718	11.5081
	9.0097	0.987733	-9.71398e-05	10.8689	11.5358
	9.0097	0.987733	-9.69187e-05	10.8662	11.5603
	9.0097	0.987734	-9.65279e-05	10.8614	11.6038
	9.0097	0.987734	-9.63563e-05	10.8592	11.6229
	9.0097	0.987734	-9.6198e-05	10.8572	11.6406
	9.0097	0.987734	-9.59794e-05	10.8543	11.665
	9.0097	0.987734	-9.55936e-05	10.849	11.7082
	9.0097	0.987735	-9.53343e-05	10.8454	11.7373
	9.0097	0.987735	-9.49083e-05	10.8392	11.7853
	9.0097	0.987736	-9.43099e-05	10.8301	11.8529
	9.0097	0.987736	-9.41178e-05	10.8271	11.8747
	9.0097	0.987736	-9.38676e-05	10.8231	11.9031
	9.0097	0.987737	-9.30248e-05	10.809	11.9991
	9.0097	0.987737	-9.26851e-05	10.803	12.0379
	9.0097	0.987737	-9.25001e-05	10.7997	12.0591
	9.0097	0.987737	-9.2204e-05	10.7942	12.0931
	9.0097	0.987738	-9.1878e-05	10.7881	12.1306
	9.0097	0.987738	-9.14268e-05	10.7794	12.1826
	9.0097	0.987738	-9.12055e-05	10.775	12.2082
	9.0097	0.987739	-9.06164e-05	10.763	12.2765
	9.0097	0.98774	-8.89387e-05	10.7258	12.4724
	9.0097	0.98774	-8.87632e-05	10.7217	12.493
	9.0097	0.987741	-8.84839e-05	10.715	12.5258
	9.0097	0.987741	-8.82104e-05	10.7084	12.558
	9.0097	0.987741	-8.79929e-05	10.703	12.5837
	9.0097	0.987742	-8.75188e-05	10.691	12.6397
	9.0097	0.987742	-8.68374e-05	10.6732	12.7206
	9.0097	0.987743	-8.63037e-05	10.6587	12.7841
	9.0097	0.987743	-8.6156e-05	10.6546	12.8017
	9.0097	0.987743	-8.56845e-05	10.6413	12.8581
	9.0097	0.987744	-8.51015e-05	10.6243	12.9279
	9.0097	0.987744	-8.39887e-05	10.5904	13.0619
	9.0097	0.987745	-8.27756e-05	10.5509	13.2088
	9.0097	0.987746	-8.26456e-05	10.5466	13.2246
	9.0097	0.987746	-8.25154e-05	10.5421	13.2405
	9.0097	0.987746	-8.2385e-05	10.5377	13.2563
	9.0097	0.987746	-8.22926e-05	10.5345	13.2676
	9.0097	0.987746	-8.22002e-05	10.5313	13.2788
	9.0097	0.987746	-8.21076e-05	10.5281	13.2901
	9.0097	0.987746	-8.19966e-05	10.5243	13.3036
	9.0097	0.987746	-8.18855e-05	10.5204	13.3172
	9.0097	0.987746	-8.17743e-05	10.5165	13.3308
	9.0097	0.987746	-8.15803e-05	10.5096	13.3545
	9.0097	0.987746	-8.14468e-05	10.5048	13.3708
	9.0097	0.987747	-8.12845e-05	10.499	13.3907
	9.0097	0.987747	-8.10283e-05	10.4896	13.422
	9.0097	0.987747	-8.08016e-05	10.4813	13.4498
	9.0097	0.987747	-8.06226e-05	10.4746	13.4718
	9.0097	0.987747	-8.03486e-05	10.4643	13.5054
	9.0097	0.987748	-7.99372e-05	10.4486	13.556
	9.0097	0.987748	-7.98245e-05	10.4442	13.5699
	9.0097	0.987748	-7.96592e-05	10.4378	13.5903
	9.0097	0.987748	-7.92312e-05	10.4208	13.6431
	9.0097	0.987749	-7.86219e-05	10.3962	13.7184
	9.0097	0.987749	-7.84719e-05	10.39	13.737
	9.0097	0.987749	-7.83787e-05	10.3861	13.7485
	9.0097	0.987749	-7.82519e-05	10.3808	13.7642
	9.0097	0.987749	-7.81251e-05	10.3755	13.78
	9.0097	0.987749	-7.7998e-05	10.3702	13.7957
	9.0097	0.987749	-7.78741e-05	10.3649	13.8111
	9.0097	0.987749	-7.775e-05	10.3596	13.8265
	9.0097	0.987749	-7.76258e-05	10.3543	13.8419
	9.0097	0.98775	-7.74817e-05	10.3481	13.8598
	9.0097	0.98775	-7.7348e-05	10.3423	13.8765
	9.0097	0.98775	-7.71285e-05	10.3327	13.9038
	9.0097	0.98775	-7.665e-05	10.3115	13.9634
	9.0097	0.98775	-7.62563e-05	10.2937	14.0125
	9.0097	0.987751	-7.61634e-05	10.2894	14.0241
	9.0097	0.987751	-7.57447e-05	10.2701	14.0765
	9.0097	0.987751	-7.52291e-05	10.2458	14.141
	9.0097	0.987751	-7.48939e-05	10.2297	14.183
	9.0097	0.987752	-7.47944e-05	10.2249	14.1955
	9.0097	0.987752	-7.46947e-05	10.22	14.208
	9.0097	0.987752	-7.46137e-05	10.2161	14.2182
	9.0097	0.987752	-7.45326e-05	10.2121	14.2284
	9.0097	0.987752	-7.44645e-05	10.2088	14.2369
	9.0097	0.987752	-7.41572e-05	10.1936	14.2755
	9.0097	0.987752	-7.39357e-05	10.1825	14.3034
	9.0097	0.987752	-7.37601e-05	10.1736	14.3255
	9.0097	0.987752	-7.35277e-05	10.1618	14.3547
	9.0097	0.987753	-7.33191e-05	10.1511	14.381
	9.0097	0.987753	-7.30149e-05	10.1354	14.4193
	9.0097	0.987753	-7.29226e-05	10.1306	14.4309
	9.0097	0.987753	-7.28242e-05	10.1254	14.4433
	9.0097	0.987753	-7.27257e-05	10.1202	14.4558
	9.0097	0.987753	-7.26271e-05	10.115	14.4682
	9.0097	0.987753	-7.25479e-05	10.1108	14.4782
	9.0097	0.987753	-7.2482e-05	10.1073	14.4865
	9.0097	0.987753	-7.24161e-05	10.1038	14.4948
	9.0097	0.987753	-7.23501e-05	10.1003	14.5032
	9.0097	0.987753	-7.22841e-05	10.0967	14.5115
	9.0097	0.987753	-7.2218e-05	10.0932	14.5198
	9.0097	0.987753	-7.20317e-05	10.0832	14.5434
	9.0097	0.987754	-7.18223e-05	10.0718	14.5698
	9.0097	0.987754	-7.17161e-05	10.066	14.5833
	9.0097	0.987754	-7.14163e-05	10.0494	14.6212
	9.0097	0.987754	-7.07803e-05	10.0137	14.7017
	9.0097	0.987755	-7.00249e-05	9.97026	14.7974
	9.0097	0.987755	-6.9222e-05	9.92268	14.8993
	9.0097	0.987756	-6.87394e-05	9.89342	14.9606
	9.0097	0.987756	-6.8171e-05	9.8583	15.0328
	9.0097	0.987757	-6.71408e-05	9.79284	15.1638
	9.0097	0.987758	-6.58247e-05	9.70576	15.3313
	9.0097	0.987758	-6.44939e-05	9.61375	15.5006
	9.0097	0.987759	-6.41734e-05	9.59099	15.5414
	9.0097	0.987759	-6.34741e-05	9.5405	15.6303
	9.0097	0.987759	-6.30555e-05	9.50973	15.6835
	9.0097	0.98776	-6.24829e-05	9.46699	15.7563
	9.0097	0.98776	-6.20884e-05	9.4371	15.8064
	9.0097	0.98776	-6.19116e-05	9.42358	15.8288
	9.0097	0.98776	-6.17426e-05	9.4106	15.8502
	9.0097	0.98776	-6.14663e-05	9.38922	15.8853
	9.0097	0.98776	-6.12171e-05	9.36978	15.9169
	9.0097	0.98776	-6.10834e-05	9.3593	15.9338
	9.0097	0.987761	-6.08861e-05	9.34374	15.9589
	9.0097	0.987761	-6.08349e-05	9.33969	15.9653
	9.0097	0.987761	-6.07981e-05	9.33677	15.97
	9.0097	0.987761	-6.07612e-05	9.33385	15.9747
	9.0097	0.987761	-6.06972e-05	9.32876	15.9828
	9.0097	0.987761	-6.05004e-05	9.31307	16.0077
	9.0097	0.987761	-6.03702e-05	9.30263	16.0242
	9.0097	0.987761	-6.02672e-05	9.29435	16.0372
	9.0097	0.987761	-6.01583e-05	9.28557	16.051
	9.0097	0.987761	-5.98232e-05	9.25835	16.0934
	9.0097	0.987762	-5.90256e-05	9.1925	16.1941
	9.0097	0.987762	-5.85457e-05	9.15215	16.2546
	9.0097	0.987762	-5.81652e-05	9.11976	16.3026
	9.0097	0.987762	-5.8027e-05	9.10791	16.32
	9.0097	0.987762	-5.7637e-05	9.07421	16.369
	9.0097	0.987763	-5.71556e-05	9.03211	16.4294
	9.0097	0.987763	-5.68461e-05	9.00474	16.4683
	9.0097	0.987763	-5.64128e-05	8.96604	16.5225
	9.0097	0.987764	-5.52867e-05	8.8633	16.6631
	9.0097	0.987764	-5.4151e-05	8.75652	16.8041
	9.0097	0.987764	-5.38762e-05	8.7302	16.8381
	9.0097	0.987765	-5.3711e-05	8.71429	16.8585
	9.0097	0.987765	-5.35816e-05	8.70179	16.8745
	9.0097	0.987765	-5.34313e-05	8.6872	16.8931
	9.0097	0.987765	-5.30301e-05	8.64801	16.9425
	9.0097	0.987765	-5.27593e-05	8.62132	16.9758
	9.0097	0.987765	-5.21691e-05	8.56253	17.0483
	9.0097	0.987766	-5.17855e-05	8.52386	17.0952
	9.0097	0.987766	-5.16098e-05	8.50602	17.1167
	9.0097	0.987766	-5.13497e-05	8.47948	17.1484
	9.0097	0.987766	-5.10692e-05	8.45066	17.1825
	9.0097	0.987766	-5.09662e-05	8.44003	17.1951
	9.0097	0.987766	-5.08395e-05	8.42691	17.2104
	9.0097	0.987766	-5.071e-05	8.41347	17.2262
	9.0097	0.987766	-5.06364e-05	8.40581	17.2351
	9.0097	0.987766	-5.05164e-05	8.39329	17.2496
	9.0097	0.987766	-5.01777e-05	8.35777	17.2906
	9.0097	0.987767	-4.86436e-05	8.19326	17.475
	9.0097	0.987767	-4.85536e-05	8.18343	17.4857
	9.0097	0.987767	-4.84063e-05	8.16729	17.5033
	9.0097	0.987767	-4.82811e-05	8.15353	17.5182
	9.0097	0.987767	-4.81909e-05	8.14359	17.529
	9.0097	0.987767	-4.8116e-05	8.13532	17.5379
	9.0097	0.987767	-4.80688e-05	8.13011	17.5435
	9.0097	0.987767	-4.80216e-05	8.12489	17.5491
	9.0097	0.987767	-4.79749e-05	8.11971	17.5547
	9.0097	0.987767	-4.79282e-05	8.11453	17.5602
	9.0097	0.987767	-4.78815e-05	8.10935	17.5658
	9.0097	0.987767	-4.78347e-05	8.10415	17.5713
	9.0097	0.987767	-4.77968e-05	8.09994	17.5758
	9.0097	0.987767	-4.7744e-05	8.09406	17.5821
	9.0097	0.987767	-4.7682e-05	8.08714	17.5894
	9.0097	0.987768	-4.74024e-05	8.05585	17.6225
	9.0097	0.987768	-4.66776e-05	7.97383	17.7079
	9.0097	0.987768	-4.63027e-05	7.9309	17.7518
	9.0097	0.987769	-4.5411e-05	7.82735	17.8557
	9.0097	0.987769	-4.52112e-05	7.80389	17.8788
	9.0097	0.987769	-4.5025e-05	7.78192	17.9003
	9.0097	0.987769	-4.49276e-05	7.77039	17.9116
	9.0097	0.987769	-4.46528e-05	7.73776	17.9432
	9.0097	0.987769	-4.45798e-05	7.72906	17.9516
	9.0097	0.987769	-4.44509e-05	7.71366	17.9664
	9.0097	0.987769	-4.42519e-05	7.68981	17.9892
	9.0097	0.987769	-4.39886e-05	7.6581	18.0193
	9.0097	0.987769	-4.37683e-05	7.63144	18.0445
	9.0097	0.987769	-4.35871e-05	7.60942	18.0651
	9.0097	0.987769	-4.35064e-05	7.59958	18.0742
	9.0097	0.987769	-4.3346e-05	7.57998	18.0924
	9.0097	0.987769	-4.31127e-05	7.55137	18.1188
	9.0097	0.98777	-4.30571e-05	7.54454	18.1251
	9.0097	0.98777	-4.29741e-05	7.53431	18.1345
	9.0097	0.98777	-4.29063e-05	7.52595	18.1421
	9.0097	0.98777	-4.28572e-05	7.51988	18.1477
	9.0097	0.98777	-4.27627e-05	7.5082	18.1583
	9.0097	0.98777	-4.27218e-05	7.50314	18.1629
	9.0097	0.98777	-4.2681e-05	7.49808	18.1675
	9.0097	0.98777	-4.26402e-05	7.49301	18.1721
	9.0097	0.98777	-4.26066e-05	7.48885	18.1759
	9.0097	0.98777	-4.25643e-05	7.48359	18.1806
	9.0097	0.98777	-4.25219e-05	7.47832	18.1854
	9.0097	0.98777	-4.24796e-05	7.47305	18.1901
	9.0097	0.98777	-4.24372e-05	7.46777	18.1949
	9.0097	0.98777	-4.23948e-05	7.46249	18.1996
	9.0097	0.98777	-4.22527e-05	7.44475	18.2155
	9.0097	0.98777	-4.20408e-05	7.4182	18.2392
	9.0097	0.98777	-4.18501e-05	7.3942	18.2604
	9.0097	0.98777	-4.15854e-05	7.36075	18.2898
	9.0097	0.98777	-4.15082e-05	7.35097	18.2984
	9.0097	0.98777	-4.14744e-05	7.34668	18.3021
	9.0097	0.98777	-4.14405e-05	7.34237	18.3059
	9.0097	0.98777	-4.13785e-05	7.3345	18.3127
	9.0097	0.98777	-4.12638e-05	7.31989	18.3254
	9.0097	0.98777	-4.11656e-05	7.30736	18.3362
	9.0097	0.98777	-4.10059e-05	7.28693	18.3538
	9.0097	0.98777	-4.08595e-05	7.26816	18.3699
	9.0097	0.98777	-4.07474e-05	7.25374	18.3822
	9.0097	0.98777	-4.06197e-05	7.23729	18.3962
	9.0097	0.987771	-4.05516e-05	7.22849	18.4036
	9.0097	0.987771	-4.04427e-05	7.21441	18.4155
	9.0097	0.987771	-4.03988e-05	7.20872	18.4203
	9.0097	0.987771	-4.03325e-05	7.20012	18.4275
	9.0097	0.987771	-4.01287e-05	7.17364	18.4497
	9.0097	0.987771	-4.00936e-05	7.16907	18.4535
	9.0097	0.987771	-4.00585e-05	7.16449	18.4573
	9.0097	0.987771	-3.99006e-05	7.14387	18.4745
	9.0097	0.987771	-3.98491e-05	7.13714	18.48
	9.0097	0.987771	-3.97332e-05	7.12195	18.4926
	9.0097	0.987771	-3.92106e-05	7.05306	18.5488
	9.0097	0.987771	-3.87132e-05	6.98689	18.6019
	9.0097	0.987771	-3.85265e-05	6.9619	18.6217
	9.0097	0.987771	-3.82327e-05	6.92241	18.6528
	9.0097	0.987771	-3.80908e-05	6.90326	18.6678
	9.0097	0.987772	-3.77236e-05	6.85349	18.7063
	9.0097	0.987772	-3.7545e-05	6.82916	18.725
	9.0097	0.987772	-3.73755e-05	6.80601	18.7427
	9.0097	0.987772	-3.73354e-05	6.80053	18.7468
	9.0097	0.987772	-3.72123e-05	6.78366	18.7596
	9.0097	0.987772	-3.68649e-05	6.73586	18.7956
	9.0097	0.987772	-3.67724e-05	6.72308	18.8051
	9.0097	0.987772	-3.66401e-05	6.70477	18.8187
	9.0097	0.987772	-3.65793e-05	6.69635	18.825
	9.0097	0.987772	-3.65371e-05	6.69049	18.8293
	9.0097	0.987772	-3.64948e-05	6.68463	18.8336
	9.0097	0.987772	-3.64526e-05	6.67876	18.8379
	9.0097	0.987772	-3.63291e-05	6.66159	18.8506
	9.0097	0.987772	-3.62041e-05	6.64415	18.8633
	9.0097	0.987772	-3.59221e-05	6.60472	18.892
	9.0097	0.987772	-3.51917e-05	6.5017	18.9656
	9.0097	0.987773	-3.44584e-05	6.39705	19.0384
	9.0097	0.987773	-3.43991e-05	6.38854	19.0443
	9.0097	0.987773	-3.42906e-05	6.37293	19.055
	9.0097	0.987773	-3.41167e-05	6.34786	19.072
	9.0097	0.987773	-3.40089e-05	6.3323	19.0826
	9.0097	0.987773	-3.37301e-05	6.29191	19.1097
	9.0097	0.987773	-3.36366e-05	6.27832	19.1188
	9.0097	0.987773	-3.3536e-05	6.26368	19.1286
	9.0097	0.987773	-3.34241e-05	6.24738	19.1394
	9.0097	0.987773	-3.32794e-05	6.22625	19.1533
	9.0097	0.987773	-3.29052e-05	6.17139	19.1892
	9.0097	0.987773	-3.2472e-05	6.1075	19.2304
	9.0097	0.987774	-3.19791e-05	6.03428	19.2767
	9.0097	0.987774	-3.14453e-05	5.95441	19.3264
	9.0097	0.987774	-3.13325e-05	5.93745	19.3368
	9.0097	0.987774	-3.11572e-05	5.91106	19.3529
	9.0097	0.987774	-3.07127e-05	5.84379	19.3935
	9.0097	0.987774	-3.04139e-05	5.79836	19.4205
	9.0097	0.987774	-3.03006e-05	5.78108	19.4307
	9.0097	0.987774	-2.9981e-05	5.7322	19.4593
	9.0097	0.987774	-2.97367e-05	5.69467	19.481
	9.0097	0.987774	-2.94218e-05	5.64613	19.5088
	9.0097	0.987774	-2.91712e-05	5.60736	19.5307
	9.0097	0.987774	-2.87929e-05	5.54859	19.5636
	9.0097	0.987775	-2.84758e-05	5.4991	19.5908
	9.0097	0.987775	-2.8067e-05	5.435	19.6257
	9.0097	0.987775	-2.78789e-05	5.40538	19.6416
	9.0097	0.987775	-2.77046e-05	5.37788	19.6562
	9.0097	0.987775	-2.75374e-05	5.35146	19.6702
	9.0097	0.987775	-2.71051e-05	5.28286	19.706
	9.0097	0.987775	-2.61815e-05	5.1351	19.781
	9.0097	0.987775	-2.53724e-05	5.0043	19.8449
	9.0097	0.987776	-2.37526e-05	4.7389	19.9679
	9.0097	0.987776	-2.29242e-05	4.60137	20.0281
	9.0097	0.987776	-2.20934e-05	4.46226	20.0866
	9.0097	0.987776	-2.19588e-05	4.43962	20.0959
	9.0097	0.987776	-2.19246e-05	4.43385	20.0983
	9.0097	0.987776	-2.18896e-05	4.42796	20.1007
	9.0097	0.987776	-2.18612e-05	4.42318	20.1026
	9.0097	0.987776	-2.18329e-05	4.4184	20.1046
	9.0097	0.987776	-2.17699e-05	4.40779	20.1089
	9.0097	0.987776	-2.16081e-05	4.38048	20.1199
	9.0097	0.987776	-2.13567e-05	4.33797	20.1369
	9.0097	0.987776	-2.07839e-05	4.24072	20.175
	9.0097	0.987777	-1.96396e-05	4.04493	20.2482
	9.0097	0.987777	-1.93649e-05	3.99765	20.2653
	9.0097	0.987777	-1.91553e-05	3.96149	20.2781
	9.0097	0.987777	-1.90405e-05	3.94166	20.2851
	9.0097	0.987777	-1.89922e-05	3.93331	20.288
	9.0097	0.987777	-1.88919e-05	3.91596	20.2941
	9.0097	0.987777	-1.88544e-05	3.90947	20.2963
	9.0097	0.987777	-1.88126e-05	3.90224	20.2989
	9.0097	0.987777	-1.87587e-05	3.8929	20.3021
	9.0097	0.987777	-1.86487e-05	3.87383	20.3087
	9.0097	0.987777	-1.85574e-05	3.85801	20.3141
	9.0097	0.987777	-1.84946e-05	3.84709	20.3178
	9.0097	0.987777	-1.84273e-05	3.83541	20.3218
	9.0097	0.987777	-1.82017e-05	3.79619	20.335
	9.0097	0.987777	-1.76183e-05	3.69444	20.3684
	9.0097	0.987777	-1.72759e-05	3.63451	20.3876
	9.0097	0.987777	-1.65309e-05	3.50359	20.4281
	9.0097	0.987777	-1.62933e-05	3.4617	20.4407
	9.0097	0.987777	-1.62473e-05	3.45357	20.4431
	9.0097	0.987777	-1.61006e-05	3.42767	20.4507
	9.0097	0.987777	-1.59955e-05	3.40908	20.4562
	9.0097	0.987777	-1.59183e-05	3.39542	20.4602
	9.0097	0.987777	-1.57759e-05	3.3702	20.4675
	9.0097	0.987777	-1.55211e-05	3.32504	20.4804
	9.0097	0.987777	-1.54596e-05	3.31412	20.4834
	9.0097	0.987777	-1.52706e-05	3.28055	20.4928
	9.0097	0.987778	-1.47639e-05	3.19036	20.5175
	9.0097	0.987778	-1.46358e-05	3.16752	20.5236
	9.0097	0.987778	-1.45029e-05	3.1438	20.5299
	9.0097	0.987778	-1.443e-05	3.13076	20.5333
	9.0097	0.987778	-1.43923e-05	3.12404	20.5351
	9.0097	0.987778	-1.43619e-05	3.11859	20.5365
	9.0097	0.987778	-1.43375e-05	3.11424	20.5376
	9.0097	0.987778	-1.432e-05	3.11111	20.5384
	9.0097	0.987778	-1.43024e-05	3.10797	20.5392
	9.0097	0.987778	-1.42869e-05	3.1052	20.54
	9.0097	0.987778	-1.42534e-05	3.09921	20.5415
	9.0097	0.987778	-1.42054e-05	3.09062	20.5437
	9.0097	0.987778	-1.4138e-05	3.07856	20.5468
	9.0097	0.987778	-1.40498e-05	3.06278	20.5509
	9.0097	0.987778	-1.40151e-05	3.05655	20.5525
	9.0097	0.987778	-1.39671e-05	3.04796	20.5546
	9.0097	0.987778	-1.38197e-05	3.02154	20.5613
	9.0097	0.987778	-1.31558e-05	2.90227	20.5905
	9.0097	0.987778	-1.24708e-05	2.77876	20.6191
	9.0097	0.987778	-1.24117e-05	2.76807	20.6215
	9.0097	0.987778	-1.23766e-05	2.76173	20.6229
	9.0097	0.987778	-1.23183e-05	2.75119	20.6253
	9.0097	0.987778	-1.2263e-05	2.74119	20.6275
	9.0097	0.987778	-1.2093e-05	2.71044	20.6342
	9.0097	0.987778	-1.19377e-05	2.68233	20.6403
	9.0097	0.987778	-1.18375e-05	2.66418	20.6442
	9.0097	0.987778	-1.18145e-05	2.66001	20.6451
	9.0097	0.987778	-1.17915e-05	2.65584	20.646
	9.0097	0.987778	-1.17685e-05	2.65167	20.6469
	9.0097	0.987778	-1.17455e-05	2.6475	20.6478
	9.0097	0.987778	-1.17225e-05	2.64333	20.6487
	9.0097	0.987778	-1.16995e-05	2.63916	20.6496
	9.0097	0.987778	-1.16765e-05	2.63499	20.6504
	9.0097	0.987778	-1.16217e-05	2.62505	20.6525
	9.0097	0.987778	-1.14532e-05	2.59447	20.6589
	9.0097	0.987778	-1.10176e-05	2.51532	20.6749
	9.0097	0.987778	-1.07494e-05	2.46651	20.6845
	9.0097	0.987778	-1.06557e-05	2.44944	20.6878
	9.0097	0.987778	-1.04998e-05	2.42102	20.6932
	9.0097	0.987778	-1.00966e-05	2.34747	20.7068
	9.0097	0.987778	-9.99544e-06	2.32898	20.7102
	9.0097	0.987778	-9.83073e-06	2.29888	20.7155
	9.0097	0.987778	-9.54715e-06	2.24702	20.7245
	9.0097	0.987778	-8.74752e-06	2.10048	20.7486
	9.0097	0.987778	-8.70484e-06	2.09265	20.7498
	9.0097	0.987778	-8.66635e-06	2.08558	20.7509
	9.0097	0.987778	-8.51298e-06	2.05742	20.7553
	9.0097	0.987778	-8.35295e-06	2.02802	20.7597
	9.0097	0.987778	-8.27809e-06	2.01427	20.7618
	9.0097	0.987778	-8.18661e-06	1.99745	20.7642
	9.0097	0.987778	-8.08289e-06	1.97838	20.767
	9.0097	0.987778	-7.84764e-06	1.9351	20.7732
	9.0097	0.987778	-7.82446e-06	1.93084	20.7738
	9.0097	0.987778	-7.75085e-06	1.91729	20.7757
	9.0097	0.987778	-7.62184e-06	1.89353	20.779
	9.0097	0.987778	-7.42533e-06	1.85734	20.7838
	9.0097	0.987778	-7.14234e-06	1.80518	20.7906
	9.0097	0.987779	-6.78866e-06	1.73993	20.7987
	9.0097	0.987779	-6.66156e-06	1.71647	20.8016
	9.0097	0.987779	-6.4648e-06	1.68014	20.8058
	9.0097	0.987779	-5.5789e-06	1.51637	20.8234
	9.0097	0.987779	-5.26722e-06	1.45868	20.829
	9.0097	0.987779	-5.0701e-06	1.42219	20.8324
	9.0097	0.987779	-4.80143e-06	1.37242	20.8368
	9.0097	0.987779	-4.16471e-06	1.25441	20.8462
	9.0097	0.987779	-3.52372e-06	1.13552	20.8543
	9.0097	0.987779	-3.47913e-06	1.12725	20.8549
	9.0097	0.987779	-3.36154e-06	1.10543	20.8562
	9.0097	0.987779	-3.05771e-06	1.04904	20.8594
	9.0097	0.987779	-2.93396e-06	1.02607	20.8606
	9.0097	0.987779	-2.48173e-06	0.942123	20.8647
	9.0097	0.987779	-2.28549e-06	0.90569	20.8662
	9.0097	0.987779	-1.56837e-06	0.772537	20.8708
	9.0097	0.987779	-8.62606e-07	0.641502	20.8736
	9.0097	0.987779	-8.19518e-07	0.633503	20.8737
	9.0097	0.987779	-7.33871e-07	0.617603	20.8739
	9.0097	0.987779	-6.98503e-07	0.611038	20.874
	9.0097	0.987779	-6.39323e-07	0.600052	20.8742
	9.0097	0.987779	-5.39697e-07	0.58156	20.8744
	9.0097	0.987779	-9.13728e-08	0.498355	20.8748
	9.0097	0.987779	4.0475e-07	0.406314	20.8746
	9.0097	0.987779	4.39812e-07	0.399811	20.8745
	9.0097	0.987779	5.47537e-07	0.379832	20.8743
	9.0097	0.987779	5.79025e-07	0.373992	20.8743
	9.0097	0.987779	6.75772e-07	0.356052	20.8741
	9.0097	0.987779	7.75677e-07	0.337529	20.8738
	9.0097	0.987779	8.02482e-07	0.332559	20.8738
	9.0097	0.987779	8.29286e-07	0.32759	20.8737
	9.0097	0.987779	9.49906e-07	0.305229	20.8734
	9.0097	0.987779	1.01313e-06	0.29351	20.8731
	9.0097	0.987779	1.09362e-06	0.278592	20.8729
	9.0097	0.987779	1.23058e-06	0.253212	20.8723
	9.0097	0.987779	1.34045e-06	0.232856	20.8719
	9.0097	0.987779	1.37411e-06	0.22662	20.8717
	9.0097	0.987779	1.40116e-06	0.221608	20.8716
	9.0097	0.987779	1.429e-06	0.216452	20.8715
	9.0097	0.987779	1.45584e-06	0.21148	20.8713
	9.0097	0.987779	1.48268e-06	0.206509	20.8712
	9.0097	0.987779	1.54282e-06	0.19537	20.8709
	9.0097	0.987779	1.59386e-06	0.185916	20.8707
	9.0097	0.987779	1.82355e-06	0.143387	20.8694
	9.0097	0.987779	2.36767e-06	0.0427056	20.8656
	9.0097	0.987779	2.39216e-06	0.0381771	20.8654
	9.0097	0.987779	2.42745e-06	0.0316509	20.8652
	9.0097	0.987779	2.44898e-06	0.0276684	20.865
	9.0097	0.987779	2.47052e-06	0.023686	20.8648
	9.0097	0.987779	2.49758e-06	0.0186835	20.8646
	9.0097	0.987779	2.55807e-06	0.00749981	20.8641
	9.0097	0.987779	2.72848e-06	-0.0240005	20.8626
	9.0097	0.987779	3.16872e-06	-0.10532	20.8583
	9.0097	0.987779	3.33796e-06	-0.136562	20.8565
	9.0097	0.987779	3.39534e-06	-0.147151	20.8559
	9.0097	0.987779	3.50185e-06	-0.166802	20.8547
	9.0097	0.987779	3.68413e-06	-0.200422	20.8526
	9.0097	0.987779	3.84257e-06	-0.229632	20.8506
	9.0097	0.987779	3.97567e-06	-0.254161	20.8489
	9.0097	0.987779	4.3195e-06	-0.317484	20.8442
	9.0097	0.987779	4.87895e-06	-0.420384	20.8358
	9.0097	0.987779	5.054e-06	-0.452544	20.833
	9.0097	0.987779	5.50614e-06	-0.535529	20.8252
	9.0097	0.987779	5.75649e-06	-0.581424	20.8206
	9.0097	0.987779	6.52534e-06	-0.722112	20.8053
	9.0097	0.987779	6.67349e-06	-0.749175	20.8021
	9.0097	0.987779	6.70928e-06	-0.75571	20.8013
	9.0097	0.987779	6.85187e-06	-0.781737	20.7982
	9.0097	0.987779	7.13915e-06	-0.834132	20.7917
	9.0097	0.987779	7.23584e-06	-0.851752	20.7894
	9.0097	0.987779	7.58903e-06	-0.916054	20.7809
	9.0097	0.987779	8.12619e-06	-1.01366	20.7673
	9.0097	0.987779	8.70187e-06	-1.11799	20.7517
	9.0097	0.987779	8.74542e-06	-1.12588	20.7504
	9.0097	0.987779	8.83349e-06	-1.14181	20.748
	9.0097	0.987779	9.08158e-06	-1.18665	20.7408
	9.0097	0.987779	9.66898e-06	-1.2926	20.7231
	9.0097	0.987779	1.02877e-05	-1.40385	20.7033
	9.0097	0.987779	1.06364e-05	-1.46638	20.6916
	9.0097	0.987779	1.07641e-05	-1.48924	20.6873
	9.0097	0.987779	1.07921e-05	-1.49426	20.6863
	9.0097	0.987779	1.08202e-05	-1.49928	20.6853
	9.0097	0.987779	1.08523e-05	-1.50503	20.6842
	9.0097	0.987779	1.09175e-05	-1.51669	20.682
	9.0097	0.987779	1.11012e-05	-1.54952	20.6755
	9.0097	0.987779	1.11635e-05	-1.56066	20.6733
	9.0097	0.987779	1.13391e-05	-1.59199	20.667
	9.0097	0.987779	1.17539e-05	-1.66589	20.6518
	9.0097	0.987779	1.19986e-05	-1.7094	20.6425
	9.0097	0.987779	1.20884e-05	-1.72535	20.6391
	9.0097	0.987779	1.23414e-05	-1.77024	20.6293
	9.0097	0.987778	1.2422e-05	-1.78451	20.6261
	9.0097	0.987778	1.26488e-05	-1.82467	20.6171
	9.0097	0.987778	1.26821e-05	-1.83057	20.6158
	9.0097	0.987778	1.27411e-05	-1.84099	20.6134
	9.0097	0.987778	1.28398e-05	-1.85844	20.6094
	9.0097	0.987778	1.29186e-05	-1.87235	20.6062
	9.0097	0.987778	1.29451e-05	-1.87704	20.6051
	9.0097	0.987778	1.29949e-05	-1.88583	20.6031
	9.0097	0.987778	1.3094e-05	-1.90331	20.599
	9.0097	0.987778	1.34256e-05	-1.96174	20.5851
	9.0097	0.987778	1.38359e-05	-2.03382	20.5675
	9.0097	0.987778	1.3982e-05	-2.05945	20.5611
	9.0097	0.987778	1.41275e-05	-2.08492	20.5547
	9.0097	0.987778	1.43196e-05	-2.11853	20.5461
	9.0097	0.987778	1.43725e-05	-2.1278	20.5437
	9.0097	0.987778	1.44148e-05	-2.13519	20.5418
	9.0097	0.987778	1.45448e-05	-2.15787	20.5359
	9.0097	0.987778	1.46805e-05	-2.18155	20.5297
	9.0097	0.987778	1.47115e-05	-2.18695	20.5283
	9.0097	0.987778	1.47474e-05	-2.19322	20.5266
	9.0097	0.987778	1.47771e-05	-2.19838	20.5253
	9.0097	0.987778	1.48224e-05	-2.20628	20.5232
	9.0097	0.987778	1.49076e-05	-2.22112	20.5192
	9.0097	0.987778	1.49701e-05	-2.23199	20.5163
	9.0097	0.987778	1.5251e-05	-2.28081	20.503
	9.0097	0.987778	1.53323e-05	-2.29491	20.4992
	9.0097	0.987778	1.53662e-05	-2.30079	20.4975
	9.0097	0.987778	1.54419e-05	-2.31391	20.4939
	9.0097	0.987778	1.56373e-05	-2.34776	20.4844
	9.0097	0.987778	1.56767e-05	-2.35458	20.4825
	9.0097	0.987778	1.57783e-05	-2.37214	20.4775
	9.0097	0.987778	1.58253e-05	-2.38027	20.4752
	9.0097	0.987778	1.58796e-05	-2.38965	20.4726
	9.0097	0.987778	1.59945e-05	-2.4095	20.4669
	9.0097	0.987778	1.63182e-05	-2.46527	20.4506
	9.0097	0.987778	1.66845e-05	-2.52821	20.4319
	9.0097	0.987778	1.68509e-05	-2.55675	20.4233
	9.0097	0.987778	1.69556e-05	-2.57468	20.4178
	9.0097	0.987778	1.71284e-05	-2.60423	20.4087
	9.0097	0.987778	1.7241e-05	-2.62347	20.4028
	9.0097	0.987778	1.72731e-05	-2.62895	20.401
	9.0097	0.987778	1.73052e-05	-2.63442	20.3993
	9.0097	0.987778	1.73373e-05	-2.6399	20.3976
	9.0097	0.987778	1.73739e-05	-2.64615	20.3957
	9.0097	0.987778	1.74019e-05	-2.65092	20.3942
	9.0097	0.987778	1.74536e-05	-2.65974	20.3914
	9.0097	0.987778	1.75994e-05	-2.68457	20.3835
	9.0097	0.987778	1.77022e-05	-2.70206	20.3779
	9.0097	0.987778	1.78063e-05	-2.71975	20.3723
	9.0097	0.987778	1.78579e-05	-2.72851	20.3694
	9.0097	0.987778	1.79177e-05	-2.73867	20.3662
	9.0097	0.987778	1.80525e-05	-2.76153	20.3587
	9.0097	0.987778	1.84662e-05	-2.83152	20.3356
	9.0097	0.987778	1.86448e-05	-2.86167	20.3255
	9.0097	0.987778	1.86885e-05	-2.86903	20.323
	9.0097	0.987778	1.87778e-05	-2.88407	20.3179
	9.0097	0.987778	1.90292e-05	-2.92635	20.3034
	9.0097	0.987778	1.9678e-05	-3.035	20.2652
	9.0097	0.987778	2.02965e-05	-3.13793	20.2278
	9.0097	0.987778	2.04751e-05	-3.16753	20.2168
	9.0097	0.987778	2.05211e-05	-3.17515	20.214
	9.0097	0.987778	2.05538e-05	-3.18056	20.212
	9.0097	0.987777	2.05865e-05	-3.18597	20.2099
	9.0097	0.987777	2.0617e-05	-3.19103	20.208
	9.0097	0.987777	2.06476e-05	-3.19608	20.2061
	9.0097	0.987777	2.06693e-05	-3.19968	20.2048
	9.0097	0.987777	2.06911e-05	-3.20327	20.2034
	9.0097	0.987777	2.07128e-05	-3.20686	20.2021
	9.0097	0.987777	2.0743e-05	-3.21185	20.2002
	9.0097	0.987777	2.08012e-05	-3.22146	20.1965
	9.0097	0.987777	2.09348e-05	-3.24349	20.1882
	9.0097	0.987777	2.0994e-05	-3.25324	20.1844
	9.0097	0.987777	2.12602e-05	-3.29703	20.1676
	9.0097	0.987777	2.15775e-05	-3.34906	20.1472
	9.0097	0.987777	2.16486e-05	-3.3607	20.1426
	9.0097	0.987777	2.18489e-05	-3.39343	20.1296
	9.0097	0.987777	2.19163e-05	-3.40444	20.1252
	9.0097	0.987777	2.21063e-05	-3.4354	20.1127
	9.0097	0.987777	2.24177e-05	-3.486	20.0921
	9.0097	0.987777	2.24913e-05	-3.49794	20.0872
	9.0097	0.987777	2.25314e-05	-3.50444	20.0845
	9.0097	0.987777	2.26659e-05	-3.52622	20.0755
	9.0097	0.987777	2.32703e-05	-3.62368	20.0344
	9.0097	0.987777	2.35568e-05	-3.66964	20.0147
	9.0097	0.987777	2.38088e-05	-3.70994	19.9971
	9.0097	0.987777	2.40168e-05	-3.74312	19.9825
	9.0097	0.987777	2.41158e-05	-3.75889	19.9755
	9.0097	0.987777	2.42449e-05	-3.77942	19.9664
	9.0097	0.987777	2.4441e-05	-3.81054	19.9524
	9.0097	0.987777	2.44831e-05	-3.81721	19.9494
	9.0097	0.987777	2.45168e-05	-3.82256	19.947
	9.0097	0.987777	2.4545e-05	-3.82701	19.945
	9.0097	0.987777	2.45731e-05	-3.83147	19.943
	9.0097	0.987777	2.46012e-05	-3.83592	19.9409
	9.0097	0.987777	2.46254e-05	-3.83974	19.9392
	9.0097	0.987777	2.46804e-05	-3.84844	19.9353
	9.0097	0.987777	2.47929e-05	-3.86621	19.9271
	9.0097	0.987777	2.49703e-05	-3.89418	19.9143
	9.0097	0.987777	2.49942e-05	-3.89794	19.9126
	9.0097	0.987777	2.50337e-05	-3.90416	19.9097
	9.0097	0.987777	2.50757e-05	-3.91078	19.9066
	9.0097	0.987777	2.51059e-05	-3.91552	19.9044
	9.0097	0.987777	2.51361e-05	-3.92027	19.9022
	9.0097	0.987777	2.51788e-05	-3.92698	19.8991
	9.0097	0.987777	2.52642e-05	-3.9404	19.8928
	9.0097	0.987777	2.54124e-05	-3.96363	19.8819
	9.0097	0.987777	2.54827e-05	-3.97465	19.8768
	9.0097	0.987777	2.56808e-05	-4.00562	19.8621
	9.0097	0.987776	2.61495e-05	-4.07859	19.827
	9.0097	0.987776	2.6267e-05	-4.09682	19.8182
	9.0097	0.987776	2.65977e-05	-4.14798	19.793
	9.0097	0.987776	2.68206e-05	-4.18233	19.776
	9.0097	0.987776	2.71042e-05	-4.22591	19.7541
	9.0097	0.987776	2.73157e-05	-4.25829	19.7377
	9.0097	0.987776	2.75998e-05	-4.30167	19.7155
	9.0097	0.987776	2.77504e-05	-4.32458	19.7037
	9.0097	0.987776	2.79707e-05	-4.35803	19.6862
	9.0097	0.987776	2.80183e-05	-4.36525	19.6825
	9.0097	0.987776	2.80566e-05	-4.37105	19.6794
	9.0097	0.987776	2.80949e-05	-4.37685	19.6764
	9.0097	0.987776	2.81332e-05	-4.38264	19.6733
	9.0097	0.987776	2.81715e-05	-4.38843	19.6703
	9.0097	0.987776	2.8289e-05	-4.40619	19.6609
	9.0097	0.987776	2.85059e-05	-4.43888	19.6435
	9.0097	0.987776	2.91159e-05	-4.53032	19.5941
	9.0097	0.987776	2.9192e-05	-4.54168	19.5879
	9.0097	0.987776	2.94064e-05	-4.57358	19.5703
	9.0097	0.987776	2.96934e-05	-4.61617	19.5466
	9.0097	0.987776	3.04335e-05	-4.72517	19.4849
	9.00971	0.987775	3.19008e-05	-4.93785	19.3592
	9.00971	0.987775	3.24572e-05	-5.0173	19.3105
	9.00971	0.987775	3.26573e-05	-5.0457	19.2929
	9.00971	0.987775	3.27378e-05	-5.05712	19.2857
	9.00971	0.987775	3.28211e-05	-5.0689	19.2784
	9.00971	0.987775	3.30556e-05	-5.10198	19.2575
	9.00971	0.987775	3.31618e-05	-5.11693	19.2481
	9.00971	0.987775	3.32368e-05	-5.12748	19.2414
	9.00971	0.987775	3.33978e-05	-5.15007	19.2269
	9.00971	0.987775	3.3469e-05	-5.16003	19.2206
	9.00971	0.987775	3.35942e-05	-5.17754	19.2093
	9.00971	0.987775	3.36679e-05	-5.18783	19.2027
	9.00971	0.987775	3.37488e-05	-5.19912	19.1953
	9.00971	0.987775	3.41126e-05	-5.24966	19.1624
	9.00971	0.987774	3.57418e-05	-5.47244	19.0121
	9.00971	0.987773	3.79088e-05	-5.75953	18.8057
	9.00971	0.987773	3.89944e-05	-5.89935	18.6997
	9.00971	0.987773	3.91716e-05	-5.92191	18.6822
	9.00971	0.987773	3.92845e-05	-5.93625	18.6711
	9.00971	0.987773	3.93531e-05	-5.94494	18.6643
	9.00971	0.987773	3.94774e-05	-5.96068	18.652
	9.00971	0.987773	3.96692e-05	-5.98489	18.633
	9.00971	0.987773	3.98101e-05	-6.00262	18.6189
	9.00971	0.987773	3.9954e-05	-6.02068	18.6046
	9.00971	0.987773	4.00684e-05	-6.03501	18.5932
	9.00971	0.987773	4.02487e-05	-6.05752	18.5752
	9.00971	0.987773	4.04233e-05	-6.07926	18.5577
	9.00971	0.987773	4.06673e-05	-6.1095	18.5332
	9.00971	0.987772	4.12155e-05	-6.17697	18.4778
	9.00971	0.987772	4.24008e-05	-6.32049	18.3569
	9.00971	0.987771	4.4739e-05	-6.59404	18.1138
	9.00971	0.98777	4.73311e-05	-6.8825	17.8379
	9.00971	0.98777	4.74211e-05	-6.89224	17.8282
	9.00971	0.98777	4.76535e-05	-6.91729	17.8031
	9.00971	0.98777	4.80157e-05	-6.95609	17.764
	9.00971	0.98777	4.81762e-05	-6.97319	17.7466
	9.00971	0.98777	4.86276e-05	-7.02095	17.6977
	9.00971	0.98777	4.88447e-05	-7.04376	17.674
	9.00971	0.98777	4.89206e-05	-7.0517	17.6658
	9.00971	0.98777	4.89991e-05	-7.05991	17.6572
	9.00971	0.98777	4.90863e-05	-7.06901	17.6477
	9.00971	0.98777	4.91364e-05	-7.07423	17.6423
	9.00971	0.987769	4.91865e-05	-7.07944	17.6368
	9.00971	0.987769	4.92365e-05	-7.08464	17.6313
	9.00971	0.987769	4.92866e-05	-7.08984	17.6259
	9.00971	0.987769	4.94403e-05	-7.10576	17.6091
	9.00971	0.987769	4.96739e-05	-7.12986	17.5835
	9.00971	0.987769	4.98687e-05	-7.14986	17.5622
	9.00971	0.987769	4.99967e-05	-7.16296	17.5482
	9.00971	0.987769	5.00696e-05	-7.17039	17.5402
	9.00971	0.987769	5.02525e-05	-7.18901	17.5201
	9.00971	0.987769	5.1073e-05	-7.27157	17.4297
	9.00971	0.987768	5.18977e-05	-7.35301	17.3385
	9.00971	0.987768	5.35279e-05	-7.50945	17.157
	9.00971	0.987767	5.60401e-05	-7.73886	16.8747
	9.00971	0.987766	5.66508e-05	-7.7925	16.8057
	9.00971	0.987766	5.68722e-05	-7.81175	16.7806
	9.00971	0.987766	5.69324e-05	-7.81696	16.7738
	9.00971	0.987766	5.7003e-05	-7.82307	16.7658
	9.00971	0.987766	5.70514e-05	-7.82725	16.7603
	9.00971	0.987766	5.71046e-05	-7.83183	16.7543
	9.00971	0.987766	5.71945e-05	-7.83957	16.7441
	9.00971	0.987766	5.73632e-05	-7.85404	16.725
	9.00971	0.987766	5.76233e-05	-7.87624	16.6955
	9.00971	0.987766	5.81713e-05	-7.92251	16.6333
	9.00971	0.987765	5.88018e-05	-7.97495	16.5617
	9.00971	0.987765	6.02253e-05	-8.09019	16.3996
	9.00971	0.987764	6.07957e-05	-8.13515	16.3345
	9.00971	0.987764	6.09173e-05	-8.14465	16.3206
	9.00971	0.987764	6.09862e-05	-8.15002	16.3128
	9.00971	0.987764	6.10551e-05	-8.15537	16.3049
	9.00971	0.987764	6.1188e-05	-8.16567	16.2897
	9.00971	0.987764	6.15618e-05	-8.19446	16.247
	9.00971	0.987764	6.1786e-05	-8.21158	16.2214
	9.00971	0.987764	6.18524e-05	-8.21663	16.2138
	9.00971	0.987764	6.1959e-05	-8.22472	16.2016
	9.00971	0.987764	6.20819e-05	-8.23401	16.1876
	9.00971	0.987763	6.23058e-05	-8.25087	16.162
	9.00971	0.987763	6.2626e-05	-8.27479	16.1254
	9.00971	0.987763	6.40579e-05	-8.37918	15.9617
	9.00971	0.987762	6.54752e-05	-8.47838	15.7995
	9.00971	0.987761	6.68782e-05	-8.5726	15.6391
	9.00971	0.98776	6.82669e-05	-8.66203	15.4806
	9.00971	0.98776	6.84533e-05	-8.67375	15.4593
	9.00971	0.98776	6.87788e-05	-8.69406	15.4222
	9.00971	0.98776	6.96163e-05	-8.74536	15.3267
	9.00971	0.987759	7.05352e-05	-8.80012	15.2221
	9.00971	0.987758	7.25102e-05	-8.91248	14.998
	9.00971	0.987757	7.36817e-05	-8.97575	14.8656
	9.00971	0.987757	7.42135e-05	-9.00366	14.8056
	9.00971	0.987757	7.46582e-05	-9.02661	14.7555
	9.00971	0.987756	7.49559e-05	-9.04179	14.7221
	9.00971	0.987756	7.50657e-05	-9.04734	14.7097
	9.00971	0.987756	7.52274e-05	-9.05548	14.6915
	9.00971	0.987756	7.54361e-05	-9.06593	14.6681
	9.00971	0.987756	7.56244e-05	-9.07528	14.647
	9.00971	0.987756	7.61095e-05	-9.09911	14.5926
	9.00971	0.987755	7.6737e-05	-9.12933	14.5223
	9.00971	0.987755	7.69914e-05	-9.14139	14.4939
	9.00971	0.987755	7.73525e-05	-9.15832	14.4536
	9.00971	0.987755	7.74823e-05	-9.16435	14.4391
	9.00971	0.987755	7.76885e-05	-9.17387	14.4161
	9.00971	0.987754	7.79686e-05	-9.1867	14.385
	9.00971	0.987754	7.80838e-05	-9.19193	14.3721
	9.00971	0.987754	7.81989e-05	-9.19714	14.3593
	9.00971	0.987754	7.84003e-05	-9.2062	14.3369
	9.00971	0.987754	7.90169e-05	-9.23353	14.2685
	9.00971	0.987754	7.94988e-05	-9.25446	14.2151
	9.00971	0.987752	8.16455e-05	-9.34312	13.9788
	9.00971	0.987751	8.38611e-05	-9.42709	13.7372
	9.00971	0.98775	8.4682e-05	-9.45631	13.6483
	9.00971	0.98775	8.52884e-05	-9.47726	13.583
	9.00971	0.987749	8.5994e-05	-9.50096	13.5071
	9.00971	0.987748	8.73197e-05	-9.54355	13.3655
	9.00971	0.987748	8.81738e-05	-9.56969	13.2747
	9.00971	0.987746	8.97755e-05	-9.61599	13.1058
	9.00971	0.987745	9.13568e-05	-9.65835	12.9406
	9.00971	0.987743	9.36825e-05	-9.71481	12.7006
	9.00971	0.987742	9.49427e-05	-9.74261	12.5721
	9.00971	0.987742	9.58109e-05	-9.76065	12.4842
	9.00971	0.987741	9.73815e-05	-9.79104	12.3265
	9.00971	0.987739	9.88356e-05	-9.81668	12.182
	9.00971	0.987739	9.98343e-05	-9.83295	12.0836
	9.00971	0.987738	0.000100091	-9.83695	12.0585
	9.00971	0.987738	0.000100579	-9.84437	12.0108
	9.00971	0.987737	0.000101727	-9.86086	11.8992
	9.00971	0.987736	0.000102977	-9.87725	11.7789
	9.00971	0.987735	0.000104546	-9.89564	11.6294
	9.00971	0.987733	0.000106087	-9.9114	11.4844
	9.00971	0.987733	0.000106708	-9.91712	11.4264
	9.00971	0.987732	0.00010798	-9.92776	11.3086
	9.00971	0.987731	0.000109325	-9.93743	11.1854
	9.00971	0.987729	0.000110792	-9.94623	11.0525
	9.00971	0.987728	0.000111684	-9.95071	10.9726
	9.00971	0.987727	0.000113441	-9.95767	10.8167
	9.00971	0.987724	0.000116115	-9.96372	10.5841
	9.00971	0.987724	0.000116639	-9.9643	10.5391
	9.00971	0.987723	0.000117716	-9.96487	10.4474
	9.00971	0.987722	0.0001183	-9.96484	10.398
	9.00971	0.987722	0.00011865	-9.96471	10.3684
	9.00971	0.987721	0.000119223	-9.96432	10.3204
	9.00971	0.987721	0.000120017	-9.96342	10.2542
	9.00971	0.98772	0.000120229	-9.96312	10.2366
	9.00971	0.98772	0.000120591	-9.96252	10.2066
	9.00971	0.987719	0.00012115	-9.96144	10.1605
	9.00971	0.987719	0.000121603	-9.96042	10.1234
	9.00971	0.987718	0.000122425	-9.95824	10.0563
	9.00971	0.987716	0.000124352	-9.95154	9.90095
	9.00971	0.987714	0.000126936	-9.93923	9.69701
	9.00971	0.987711	0.000129106	-9.92611	9.52945
	9.00971	0.987709	0.000131114	-9.91185	9.37739
	9.00971	0.987709	0.000131743	-9.90699	9.33039
	9.00971	0.987708	0.000132247	-9.90295	9.29287
	9.00971	0.987707	0.000133081	-9.89602	9.23122
	9.00971	0.987707	0.000133436	-9.89298	9.20513
	9.00971	0.987706	0.000133786	-9.88993	9.17952
	9.00971	0.987706	0.000134134	-9.88683	9.15408
	9.00971	0.987706	0.000134482	-9.88369	9.12878
	9.00971	0.987705	0.000135056	-9.87839	9.0872
	9.00971	0.987704	0.000135794	-9.87137	9.03405
	9.00971	0.987704	0.000136246	-9.86696	9.00169
	9.00971	0.987703	0.000136797	-9.86147	8.96243
	9.00971	0.987703	0.000137215	-9.85723	8.93285
	9.00971	0.987702	0.000137853	-9.85061	8.8878
	9.00971	0.987702	0.000138186	-9.8471	8.86445
	9.00971	0.987701	0.000138517	-9.84356	8.84123
	9.00971	0.987701	0.000138848	-9.83998	8.81815
	9.00971	0.9877	0.000139384	-9.8341	8.7809
	9.00971	0.987699	0.000140155	-9.82546	8.72771
	9.00971	0.987698	0.000141024	-9.81547	8.6682
	9.00971	0.987697	0.000142	-9.80391	8.60192
	9.00971	0.987696	0.000143597	-9.78433	8.4949
	9.00971	0.987695	0.000144042	-9.77872	8.46534
	9.00971	0.987694	0.000144665	-9.77076	8.42421
	9.00971	0.987694	0.000145254	-9.76312	8.38553
	9.00971	0.987693	0.000145864	-9.75511	8.34575
	9.00971	0.987692	0.000146471	-9.74702	8.30638
	9.00971	0.987692	0.0001469	-9.74122	8.27864
	9.00971	0.987691	0.000147329	-9.73539	8.2511
	9.00971	0.98769	0.000147937	-9.72702	8.21221
	9.00971	0.98769	0.000148655	-9.71701	8.1666
	9.00971	0.987688	0.000149633	-9.70315	8.10499
	9.00971	0.987687	0.000150772	-9.68669	8.03397
	9.00971	0.987685	0.000152157	-9.66623	7.94874
	9.00971	0.987685	0.0001526	-9.65959	7.9217
	9.00971	0.987684	0.000153041	-9.65292	7.89487
	9.00972	0.987684	0.000153481	-9.64622	7.86824
	9.00972	0.987683	0.000154168	-9.63569	7.82693
	9.00972	0.987682	0.000154967	-9.6233	7.77921
	9.00972	0.987681	0.000155913	-9.60844	7.72321
	9.00972	0.987678	0.000157945	-9.57591	7.60467
	9.00972	0.987676	0.000159954	-9.54295	7.48982
	9.00972	0.987673	0.000162107	-9.5068	7.36923
	9.00972	0.987671	0.000163988	-9.47457	7.26593
	9.00972	0.987668	0.000166103	-9.43769	7.1521
	9.00972	0.987666	0.000167307	-9.4164	7.08834
	9.00972	0.987664	0.000168885	-9.3882	7.00594
	9.00972	0.98766	0.000171644	-9.33816	6.86492
	9.00972	0.987657	0.000174409	-9.28715	6.7274
	9.00972	0.987652	0.00017744	-9.23038	6.58091
	9.00972	0.98765	0.000179042	-9.20004	6.5052
	9.00972	0.987648	0.000180262	-9.17681	6.44836
	9.00972	0.987647	0.000181234	-9.15824	6.4036
	9.00972	0.987645	0.000182731	-9.12949	6.33544
	9.00972	0.987644	0.000183271	-9.11908	6.31108
	9.00972	0.987643	0.000183944	-9.10609	6.28094
	9.00972	0.987642	0.000184484	-9.09564	6.25685
	9.00972	0.987641	0.000185023	-9.0852	6.23298
	9.00972	0.987641	0.00018556	-9.0748	6.20933
	9.00972	0.98764	0.000186009	-9.06607	6.18963
	9.00972	0.987638	0.000187267	-9.04159	6.13491
	9.00972	0.987636	0.000188422	-9.01904	6.08526
	9.00972	0.987634	0.000189988	-8.98839	6.01883
	9.00972	0.987632	0.000191188	-8.96483	5.9686
	9.00972	0.987631	0.000191959	-8.94967	5.93662
	9.00972	0.98763	0.000192797	-8.93317	5.90216
	9.00972	0.987628	0.000193948	-8.91048	5.85526
	9.00972	0.987625	0.000195709	-8.8757	5.78453
	9.00972	0.987621	0.000198827	-8.81399	5.66223
	9.00972	0.987616	0.000202082	-8.74943	5.53838
	9.00972	0.987615	0.000202641	-8.73834	5.5175
	9.00972	0.987614	0.000203116	-8.7289	5.49983
	9.00972	0.987613	0.000203532	-8.72064	5.48444
	9.00972	0.987613	0.00020388	-8.71374	5.47161
	9.00972	0.987612	0.000204228	-8.70684	5.45884
	9.00972	0.987612	0.000204574	-8.69996	5.44614
	9.00972	0.987611	0.00020492	-8.6931	5.43351
	9.00972	0.98761	0.000205266	-8.68622	5.42091
	9.00972	0.98761	0.000205613	-8.67934	5.40834
	9.00972	0.987609	0.000205959	-8.67248	5.39583
	9.00972	0.987609	0.000206304	-8.66563	5.3834
	9.00972	0.987608	0.00020665	-8.65876	5.37097
	9.00972	0.987607	0.000207314	-8.64559	5.34724
	9.00972	0.987606	0.000207867	-8.63462	5.32759
	9.00972	0.987605	0.000208808	-8.61595	5.29438
	9.00972	0.987601	0.000211214	-8.56829	5.21084
	9.00972	0.987598	0.000212728	-8.53832	5.15921
	9.00972	0.987597	0.000213598	-8.52112	5.12987
	9.00972	0.987595	0.000214463	-8.50402	5.10094
	9.00972	0.987594	0.000215324	-8.48704	5.0724
	9.00973	0.987592	0.000216647	-8.46095	5.02896
	9.00973	0.987589	0.000218112	-8.43211	4.98149
	9.00973	0.987587	0.000219526	-8.40432	4.93629
	9.00973	0.987584	0.000221445	-8.36669	4.87587
	9.00973	0.987581	0.000222696	-8.3422	4.83704
	9.00973	0.987578	0.000224468	-8.30762	4.78285
	9.00973	0.987577	0.000225112	-8.29508	4.76338
	9.00973	0.987575	0.000226585	-8.26643	4.71924
	9.00973	0.987573	0.00022753	-8.24808	4.69123
	9.00973	0.987569	0.000229687	-8.20633	4.62822
	9.00973	0.987563	0.000233266	-8.13746	4.52638
	9.00973	0.987556	0.000236992	-8.0663	4.42381
	9.00973	0.987551	0.000239515	-8.01844	4.35627
	9.00973	0.987547	0.000241701	-7.97721	4.29897
	9.00973	0.98754	0.000245622	-7.90381	4.19896
	9.00973	0.987535	0.000248564	-7.84923	4.12618
	9.00973	0.987531	0.000250476	-7.81399	4.07987
	9.00973	0.987523	0.000254557	-7.73938	3.98358
	9.00973	0.987521	0.000255638	-7.71975	3.95862
	9.00973	0.987518	0.000257284	-7.69001	3.9211
	9.00973	0.987515	0.000258756	-7.66351	3.88798
	9.00974	0.987512	0.000260216	-7.63735	3.85554
	9.00974	0.98751	0.000261341	-7.61728	3.83084
	9.00974	0.987506	0.000262959	-7.58852	3.79569
	9.00974	0.987504	0.000264416	-7.56275	3.76448
	9.00974	0.987501	0.00026586	-7.53732	3.7339
	9.00974	0.987496	0.000267928	-7.5011	3.69076
	9.00974	0.987493	0.000269638	-7.47133	3.65567
	9.00974	0.987486	0.000272809	-7.41656	3.59188
	9.00974	0.987478	0.000277059	-7.34403	3.50901
	9.00974	0.987471	0.000280028	-7.29396	3.45281
	9.00974	0.987462	0.000284314	-7.22255	3.37405
	9.00974	0.987457	0.000286897	-7.18002	3.3279
	9.00974	0.987454	0.000288339	-7.15646	3.30256
	9.00974	0.98745	0.000289769	-7.13318	3.2777
	9.00974	0.987444	0.00029284	-7.0836	3.22529
	9.00975	0.987437	0.000295954	-7.03387	3.17343
	9.00975	0.987432	0.000298042	-7.00085	3.13939
	9.00975	0.987422	0.000302662	-6.92861	3.06599
	9.00975	0.987411	0.000307272	-6.8577	2.99533
	9.00975	0.987401	0.000311944	-6.78704	2.92625
	9.00975	0.98739	0.000316674	-6.71673	2.85878
	9.00975	0.987383	0.000319418	-6.67649	2.82074
	9.00975	0.987377	0.000322125	-6.63717	2.78395
	9.00976	0.987365	0.000327158	-6.56513	2.71752
	9.00976	0.987356	0.000330839	-6.51327	2.67047
	9.00976	0.987347	0.000334193	-6.46665	2.6287
	9.00976	0.987339	0.000337494	-6.4213	2.58857
	9.00976	0.987327	0.000342552	-6.3529	2.5289
	9.00976	0.987314	0.000347764	-6.28375	2.46962
	9.00977	0.9873	0.000353054	-6.21492	2.41165
	9.00977	0.987291	0.000356465	-6.17123	2.37538
	9.00977	0.98728	0.000360636	-6.11857	2.33219
	9.00977	0.987268	0.000365379	-6.05967	2.28456
	9.00977	0.987253	0.000370819	-5.99337	2.23178
	9.00978	0.98724	0.000375634	-5.93578	2.18664
	9.00978	0.987227	0.000380354	-5.88033	2.14379
	9.00978	0.987215	0.000384982	-5.82686	2.10303
	9.00978	0.987202	0.000389524	-5.77527	2.06422
	9.00978	0.987189	0.000394234	-5.72266	2.02515
	9.00979	0.987174	0.000399532	-5.66455	1.98259
	9.00979	0.987161	0.000403912	-5.61734	1.94846
	9.00979	0.987144	0.000409637	-5.55675	1.90525
	9.0098	0.987128	0.000415237	-5.49867	1.86443
	9.0098	0.987112	0.000420719	-5.44293	1.82581
	9.0098	0.987096	0.000426089	-5.38937	1.7892
	9.0098	0.98708	0.000431354	-5.33784	1.75444
	9.00981	0.987066	0.000435929	-5.29382	1.7251
	9.00981	0.987052	0.00044043	-5.25121	1.697
	9.00981	0.987038	0.000444857	-5.20992	1.67006
	9.00982	0.987024	0.000449216	-5.1699	1.64421
	9.00982	0.987005	0.000455393	-5.1142	1.60867
	9.00982	0.986983	0.000462338	-5.05296	1.57015
	9.00983	0.986965	0.000467927	-5.00471	1.54023
	9.00983	0.986947	0.000473426	-4.95813	1.51168
	9.00983	0.986929	0.000478823	-4.91322	1.48448
	9.00984	0.986911	0.000484219	-4.86914	1.45807
	9.00984	0.986893	0.00048952	-4.82658	1.43286
	9.00985	0.986875	0.000494848	-4.78455	1.40822
	9.00985	0.986852	0.000501719	-4.73141	1.37746
	9.00986	0.986828	0.000508596	-4.67939	1.34774
	9.00986	0.986801	0.000516316	-4.62236	1.31561
	9.00987	0.986777	0.000523069	-4.5736	1.28852
	9.00987	0.986753	0.000529914	-4.52522	1.26198
	9.00988	0.986729	0.000536621	-4.47882	1.23683
	9.00988	0.986704	0.000543237	-4.43397	1.21282
	9.00989	0.986679	0.000550164	-4.38799	1.18849
	9.00989	0.986654	0.00055702	-4.34343	1.16519
	9.0099	0.986622	0.000565389	-4.29026	1.13775
	9.00991	0.986591	0.000573565	-4.23959	1.11196
	9.00992	0.986561	0.000581559	-4.19121	1.08766
	9.00992	0.986526	0.000590512	-4.13837	1.06147
	9.00993	0.98649	0.000599658	-4.08577	1.03578
	9.00994	0.98645	0.000609747	-4.02933	1.00862
	9.00995	0.98641	0.000619578	-3.97586	0.983279
	9.00996	0.986372	0.000629108	-3.92541	0.959707
	9.00997	0.986333	0.000638414	-3.87741	0.937585
	9.00998	0.986291	0.000648652	-3.82599	0.914218
	9.00999	0.986247	0.000659001	-3.77543	0.891571
	9.01001	0.986206	0.000668699	-3.72931	0.871193
	9.01002	0.986165	0.00067819	-3.68529	0.851995
	9.01003	0.986124	0.000687629	-3.64258	0.8336
	9.01004	0.986077	0.000698331	-3.59539	0.81354
	9.01005	0.98603	0.000709013	-3.54955	0.794319
	9.01007	0.985983	0.000719447	-3.50595	0.776275
	9.01008	0.985933	0.000730455	-3.46115	0.75798
	9.0101	0.985883	0.000741209	-3.41853	0.740805
	9.01011	0.985835	0.000751724	-3.37792	0.724643
	9.01013	0.985775	0.000764379	-3.33038	0.705977
	9.01015	0.985718	0.000776549	-3.28597	0.688788
	9.01017	0.98565	0.000790697	-3.23591	0.66969
	9.01019	0.985583	0.000804461	-3.18872	0.651968
	9.01021	0.985517	0.00081787	-3.14415	0.635468
	9.01023	0.985452	0.000830946	-3.10194	0.62006
	9.01025	0.985384	0.000844339	-3.05994	0.604938
	9.01027	0.985315	0.000857993	-3.01835	0.59017
	9.0103	0.985243	0.000871882	-2.97728	0.575781
	9.01032	0.985173	0.000885344	-2.93859	0.562409
	9.01035	0.985096	0.000900057	-2.89752	0.548405
	9.01037	0.98502	0.000914411	-2.85863	0.535323
	9.01041	0.984932	0.000930793	-2.81559	0.521052
	9.01044	0.984845	0.000946748	-2.77499	0.507787
	9.01047	0.98476	0.000962305	-2.7366	0.495418
	9.0105	0.984666	0.000979206	-2.69618	0.482578
	9.01054	0.984573	0.000995678	-2.658	0.470624
	9.01057	0.984474	0.00101308	-2.61893	0.458563
	9.01061	0.984377	0.00103004	-2.58201	0.447329
	9.01065	0.984277	0.00104726	-2.54568	0.436424
	9.01069	0.984178	0.00106421	-2.51099	0.426155
	9.01073	0.984065	0.00108331	-2.47312	0.4151
	9.01078	0.983953	0.00110192	-2.43739	0.40482
	9.01083	0.983844	0.00112003	-2.4037	0.39526
	9.01087	0.983732	0.0011383	-2.37071	0.386028
	9.01092	0.983617	0.00115699	-2.33798	0.376991
	9.01097	0.983497	0.00117612	-2.30551	0.368146
	9.01103	0.983364	0.00119737	-2.27057	0.358763
	9.01109	0.983232	0.00121809	-2.23761	0.35004
	9.01115	0.9831	0.0012386	-2.20599	0.341791
	9.01121	0.982965	0.00125944	-2.17487	0.333784
	9.01128	0.982821	0.00128138	-2.14315	0.325737
	9.01134	0.982682	0.00130244	-2.11365	0.318359
	9.01141	0.982538	0.00132398	-2.08439	0.311142
	9.01149	0.982382	0.00134725	-2.05377	0.303695
	9.01156	0.982223	0.00137056	-2.02411	0.296584
	9.01164	0.982064	0.00139379	-1.99547	0.289818
	9.01173	0.981893	0.00141856	-1.96592	0.282938
	9.01182	0.98172	0.00144337	-1.93729	0.276372
	9.01191	0.98155	0.00146752	-1.91031	0.270272
	9.012	0.981367	0.00149327	-1.88246	0.264066
	9.01211	0.981173	0.00152031	-1.85419	0.257863
	9.01221	0.980977	0.00154745	-1.82675	0.251936
	9.01232	0.980778	0.00157478	-1.80005	0.246255
	9.01244	0.98057	0.00160313	-1.77328	0.240648
	9.01256	0.980359	0.00163173	-1.74716	0.235263
	9.01269	0.980137	0.0016614	-1.721	0.229953
	9.01282	0.979909	0.00169186	-1.69505	0.224773
	9.01296	0.97967	0.00172344	-1.66908	0.219674
	9.01311	0.979433	0.0017544	-1.6445	0.214928
	9.01327	0.979174	0.00178818	-1.61862	0.210015
	9.01342	0.978919	0.00182115	-1.59426	0.205469
	9.01359	0.978655	0.00185503	-1.5701	0.20104
	9.01377	0.978376	0.0018907	-1.54558	0.196624
	9.01395	0.978096	0.00192615	-1.52209	0.19247
	9.01415	0.977803	0.00196315	-1.49845	0.188366
	9.01435	0.977506	0.00200039	-1.47552	0.18446
	9.01456	0.9772	0.00203852	-1.45289	0.180679
	9.01478	0.976881	0.00207806	-1.43029	0.176975
	9.015	0.976558	0.002118	-1.4083	0.173442
	9.01525	0.976222	0.00215929	-1.38641	0.169997
	9.0155	0.975875	0.00220176	-1.36474	0.166658
	9.01576	0.975519	0.0022451	-1.34346	0.163449
	9.01604	0.975152	0.00228963	-1.32243	0.160347
	9.01632	0.974777	0.00233511	-1.30177	0.157368
	9.01662	0.974392	0.00238155	-1.28149	0.15451
	9.01694	0.97399	0.00242995	-1.26117	0.151717
	9.01727	0.973577	0.00247965	-1.24113	0.14903
	9.01761	0.973148	0.00253113	-1.22121	0.146427
	9.01797	0.972714	0.0025831	-1.20189	0.143971
	9.01836	0.972258	0.00263772	-1.18243	0.141563
	9.01876	0.971789	0.00269389	-1.16323	0.139258
	9.01917	0.971304	0.00275185	-1.14425	0.137047
	9.01961	0.970809	0.00281117	-1.12565	0.134949
	9.02007	0.970294	0.00287297	-1.1071	0.132924
	9.02055	0.969767	0.00293639	-1.08888	0.131005
	9.02105	0.969225	0.00300162	-1.07095	0.129184
	9.02158	0.968666	0.00306911	-1.05323	0.127453
	9.02213	0.96809	0.00313904	-1.03567	0.125807
	9.02271	0.967494	0.00321154	-1.0183	0.124247
	9.02332	0.96688	0.00328672	-1.00111	0.122774
	9.02396	0.966247	0.00336452	-0.984141	0.12139
	9.02463	0.96559	0.0034458	-0.967251	0.120085
	9.02534	0.964916	0.00352981	-0.950628	0.118871
	9.02607	0.96422	0.00361715	-0.934184	0.117744
	9.02685	0.963504	0.00370773	-0.917963	0.116704
	9.02766	0.962766	0.00380204	-0.901911	0.115749
	9.02851	0.962004	0.00390034	-0.886025	0.114878
	9.02941	0.961217	0.00400289	-0.870296	0.114091
	9.03034	0.960412	0.00410908	-0.854851	0.113393
	9.03132	0.95958	0.00422015	-0.83954	0.112778
	9.03235	0.958721	0.00433628	-0.82438	0.112247
	9.03344	0.957837	0.00445754	-0.8094	0.111799
	9.03457	0.956925	0.00458449	-0.794572	0.111436
	9.03577	0.955984	0.00471756	-0.779889	0.111156
	9.03702	0.955022	0.00485578	-0.765488	0.110962
	9.03833	0.954028	0.00500117	-0.751194	0.110851
	9.0397	0.953002	0.00515392	-0.737036	0.110824
	9.04115	0.95195	0.00531371	-0.723084	0.11088
	9.04267	0.950858	0.00548292	-0.709176	0.111022
	9.04427	0.949736	0.00566041	-0.695457	0.111247
	9.04595	0.948581	0.00584734	-0.681878	0.111557
	9.04771	0.947391	0.00604424	-0.668447	0.111952
	9.04956	0.946166	0.00625207	-0.655144	0.112432
	9.0515	0.944908	0.00647069	-0.642022	0.112995
	9.05354	0.943612	0.00670168	-0.629028	0.113644
	9.05568	0.942281	0.00694547	-0.616185	0.114376
	9.05792	0.940913	0.0072029	-0.603493	0.115192
	9.06028	0.939505	0.00747564	-0.590915	0.116094
	9.06276	0.938056	0.0077645	-0.578464	0.117081
	9.06536	0.936567	0.00807064	-0.566137	0.118152
	9.06809	0.935039	0.00839468	-0.553956	0.119307
	9.07096	0.933465	0.00873914	-0.541875	0.120547
	9.07398	0.931849	0.00910474	-0.529918	0.121872
	9.07715	0.930185	0.00949405	-0.518053	0.123284
	9.08049	0.928478	0.00990749	-0.506317	0.124778
	9.08399	0.926724	0.0103474	-0.494693	0.126356
	9.08767	0.924924	0.0108157	-0.483176	0.128017
	9.09154	0.923077	0.0113144	-0.471774	0.12976
	9.0956	0.921184	0.0118452	-0.460488	0.131583
	9.09987	0.919241	0.0124112	-0.449306	0.133486
	9.10436	0.91725	0.0130148	-0.438229	0.135468
	9.10908	0.91521	0.0136584	-0.427262	0.137527
	9.11404	0.913119	0.0143455	-0.416393	0.139663
	9.11924	0.91098	0.0150781	-0.405641	0.141869
	9.1247	0.908793	0.0158595	-0.395002	0.144146
	9.13046	0.906551	0.0166954	-0.384447	0.146495
	9.1365	0.90426	0.0175882	-0.373998	0.148911
	9.14286	0.901915	0.0185431	-0.363642	0.151392
	9.14954	0.899521	0.0195627	-0.353398	0.153932
	9.15656	0.897074	0.0206532	-0.343252	0.15653
	9.16394	0.894579	0.0218179	-0.333221	0.159178
	9.17169	0.892034	0.0230627	-0.3233	0.161874
	9.17985	0.889439	0.0243936	-0.313488	0.164614
	9.18842	0.886792	0.0258173	-0.303784	0.167393
	9.19743	0.8841	0.0273375	-0.294209	0.170201
	9.20689	0.881361	0.0289615	-0.284761	0.173032
	9.21685	0.878572	0.0306995	-0.275429	0.175887
	9.22732	0.875738	0.0325551	-0.266239	0.178751
	9.23831	0.872861	0.034536	-0.257199	0.181616
	9.24987	0.869941	0.0366516	-0.24831	0.184476
	9.26202	0.866977	0.038911	-0.239581	0.187323
	9.27479	0.863974	0.0413206	-0.231031	0.190145
	9.28822	0.860927	0.0438936	-0.222661	0.192936
	9.30234	0.857842	0.0466371	-0.214493	0.195684
	9.31718	0.854719	0.0495613	-0.206544	0.198378
	9.33277	0.851559	0.0526757	-0.198834	0.201007
	9.34917	0.84836	0.0559938	-0.191377	0.203564
	9.36642	0.845121	0.0595268	-0.184195	0.206037
	9.38457	0.841842	0.0632873	-0.177314	0.208416
	9.40365	0.838522	0.0672867	-0.170762	0.210692
	9.42372	0.835158	0.0715379	-0.16457	0.212855
	9.44485	0.831743	0.0760575	-0.158767	0.2149
	9.46709	0.828273	0.0808583	-0.153391	0.216818
	9.4905	0.824742	0.0859553	-0.148483	0.218606
	9.51515	0.821137	0.0913656	-0.144087	0.220263
	9.54111	0.817448	0.0971031	-0.140251	0.221787
	9.56852	0.813651	0.103201	-0.137021	0.223187
	9.59735	0.809739	0.109655	-0.134467	0.224466
	9.62774	0.805682	0.116495	-0.132646	0.225639
	9.65971	0.80146	0.123726	-0.13163	0.226723
	9.69312	0.797068	0.131317	-0.131484	0.227738
	9.728	0.79247	0.13928	-0.132266	0.228718
	9.76437	0.78763	0.147616	-0.134029	0.2297
	9.80222	0.782508	0.156328	-0.136826	0.230728
	9.84148	0.777062	0.16541	-0.140705	0.231849
	9.8821	0.771248	0.174853	-0.145704	0.233115
	9.92401	0.765017	0.184651	-0.151856	0.234577
	9.9671	0.75832	0.194795	-0.159185	0.236284
	10.0113	0.751099	0.205282	-0.167714	0.238282
	10.0565	0.743303	0.216102	-0.177455	0.24061
	10.1026	0.734872	0.227256	-0.188423	0.243298
	10.1488	0.725897	0.238561	-0.200428	0.246315
	10.1942	0.716505	0.249824	-0.213216	0.249592
	10.2389	0.706671	0.261064	-0.226745	0.253105
	10.283	0.696365	0.272302	-0.24099	0.256819
	10.3265	0.685561	0.283557	-0.255932	0.260693
	10.3695	0.674237	0.294838	-0.271555	0.26468
	10.4119	0.662367	0.306159	-0.287854	0.268726
	10.4539	0.649925	0.317528	-0.304825	0.272769
	10.4955	0.636884	0.328955	-0.322473	0.276744
	10.5365	0.623289	0.340383	-0.340702	0.280557
	10.5775	0.608928	0.351964	-0.359761	0.284176
	10.6138	0.595569	0.362321	-0.377303	0.287135
	10.6503	0.581461	0.372854	-0.395626	0.289806
	10.6868	0.566672	0.383478	-0.414606	0.292083
	10.7233	0.551178	0.394177	-0.434233	0.293874
	10.7555	0.536913	0.403656	-0.452065	0.294969
	10.7879	0.52195	0.413236	-0.470515	0.295538
	10.8204	0.50638	0.422825	-0.489428	0.29549
	10.8528	0.49019	0.4324	-0.508773	0.294743
	10.8852	0.473366	0.44194	-0.528517	0.29321
	10.9138	0.458052	0.450269	-0.546155	0.291145
	10.9425	0.442106	0.458593	-0.564169	0.288318
	10.9712	0.42564	0.466824	-0.582378	0.284682
	10.9999	0.408648	0.474939	-0.60073	0.280173
	11.0286	0.391128	0.482911	-0.619166	0.274731
	11.0545	0.374916	0.489937	-0.635765	0.268991
	11.0804	0.358249	0.496814	-0.652349	0.262397
	11.1058	0.341473	0.503388	-0.668528	0.255068
	11.1307	0.324604	0.50965	-0.684257	0.247016
	11.1552	0.307668	0.515592	-0.699482	0.238264
	11.1792	0.290659	0.521213	-0.714181	0.228822
	11.2029	0.273588	0.526511	-0.728314	0.218713
	11.2262	0.256465	0.531481	-0.741847	0.207961
	11.2491	0.239315	0.536119	-0.754734	0.196604
	11.2717	0.222139	0.540424	-0.766951	0.184668
	11.294	0.20494	0.544396	-0.778472	0.172184
	11.3159	0.187745	0.548032	-0.78926	0.1592
	11.3375	0.170545	0.551334	-0.799301	0.145741
	11.3589	0.153348	0.554304	-0.808573	0.131849
	11.3801	0.136154	0.556943	-0.81706	0.117554
	11.401	0.118971	0.559251	-0.824744	0.102902
	11.4217	0.101807	0.561229	-0.831609	0.0879351
	11.4423	0.0846554	0.56288	-0.837647	0.0726849
	11.4627	0.0675314	0.564204	-0.842843	0.057204
	11.4829	0.0504357	0.565203	-0.847192	0.041532
	11.503	0.0333671	0.565879	-0.850688	0.025707
	11.523	0.0163271	0.566234	-0.853327	0.00977002
	11.5429	-0.00068377	0.56627	-0.855107	-0.00623862
	11.5628	-0.0176663	0.565987	-0.856029	-0.0222799
	11.5826	-0.0346176	0.565387	-0.856093	-0.0383111
	11.6023	-0.0515362	0.564471	-0.855301	-0.0542913
	11.6221	-0.0684234	0.563241	-0.853658	-0.0701822
	11.6419	-0.0852779	0.561698	-0.85117	-0.0859432
	11.6617	-0.102099	0.559841	-0.847844	-0.101535
	11.6815	-0.118887	0.557673	-0.843689	-0.116919
	11.7014	-0.135641	0.555193	-0.838714	-0.132057
	11.7214	-0.152362	0.552402	-0.832931	-0.146912
	11.7415	-0.169049	0.549301	-0.826354	-0.161446
	11.7618	-0.185692	0.545891	-0.818999	-0.175615
	11.7821	-0.202297	0.542172	-0.810882	-0.189389
	11.8027	-0.218858	0.538145	-0.802021	-0.202729
	11.8234	-0.235376	0.53381	-0.792434	-0.215603
	11.8443	-0.251856	0.529167	-0.782138	-0.227983
	11.8655	-0.26828	0.524219	-0.771165	-0.239823
	11.8869	-0.28465	0.518968	-0.759535	-0.251098
	11.9085	-0.300967	0.513413	-0.747271	-0.26178
	11.9305	-0.317222	0.507558	-0.734403	-0.271837
	11.9527	-0.333402	0.501408	-0.720965	-0.281239
	11.9752	-0.349499	0.494967	-0.706994	-0.28996
	11.9981	-0.365518	0.488236	-0.69251	-0.297983
	12.0214	-0.381442	0.481223	-0.677557	-0.305284
	12.045	-0.397267	0.473932	-0.662165	-0.311848
	12.069	-0.412982	0.46637	-0.646374	-0.317661
	12.0935	-0.428588	0.458541	-0.630212	-0.322713
	12.1183	-0.444054	0.450461	-0.613736	-0.326991
	12.1436	-0.459375	0.442139	-0.596981	-0.330495
	12.1694	-0.474547	0.433581	-0.579979	-0.333227
	12.1957	-0.489537	0.424811	-0.562793	-0.335187
	12.2224	-0.504365	0.415824	-0.545426	-0.336391
	12.2497	-0.518999	0.406643	-0.527937	-0.336849
	12.2775	-0.533451	0.397267	-0.510333	-0.336578
	12.3059	-0.547692	0.387721	-0.492669	-0.335599
	12.3349	-0.561714	0.378017	-0.47497	-0.333937
	12.3645	-0.575504	0.368169	-0.457268	-0.331622
	12.3948	-0.589074	0.358176	-0.439559	-0.328681
	12.4257	-0.602382	0.348073	-0.421904	-0.325157
	12.4573	-0.615441	0.337857	-0.404292	-0.321082
	12.4896	-0.628247	0.327533	-0.386726	-0.316496
	12.5228	-0.640783	0.317118	-0.369228	-0.311445
	12.5568	-0.653042	0.306618	-0.351797	-0.305973
	12.5917	-0.665006	0.296049	-0.334447	-0.300135
	12.6276	-0.676685	0.2854	-0.317145	-0.293974
	12.6644	-0.688064	0.274674	-0.299887	-0.287544
	12.7024	-0.699119	0.263885	-0.282677	-0.280911
	12.7408	-0.709655	0.253219	-0.265794	-0.274257
	12.7797	-0.71967	0.242679	-0.249223	-0.267654
	12.8191	-0.72917	0.232259	-0.232933	-0.261165
	12.8591	-0.738157	0.221948	-0.216895	-0.254857
	12.8997	-0.74663	0.211738	-0.201081	-0.248792
	12.9408	-0.754587	0.201614	-0.18546	-0.243035
	12.9827	-0.762022	0.191559	-0.170001	-0.237648
	13.0252	-0.768928	0.181555	-0.154674	-0.232695
	13.0685	-0.775294	0.171578	-0.139445	-0.228239
	13.1126	-0.78111	0.161598	-0.124276	-0.224344
	13.1576	-0.786361	0.151578	-0.109126	-0.221077
	13.2036	-0.791029	0.141474	-0.0939462	-0.218507
	13.2507	-0.795092	0.13123	-0.0786789	-0.216708
	13.2991	-0.798525	0.120771	-0.0632431	-0.21576
	13.3491	-0.801291	0.109995	-0.0475323	-0.21576
	13.4011	-0.803344	0.0987426	-0.0313645	-0.216834
	13.454	-0.804571	0.0872259	-0.0151017	-0.219057
	13.5068	-0.804942	0.075576	0.00103143	-0.22242
	13.5595	-0.804465	0.063739	0.0170797	-0.226914
	13.6121	-0.803146	0.0516623	0.03309	-0.232519
	13.6645	-0.800992	0.0393044	0.0490999	-0.239203
	13.7169	-0.797997	0.0265681	0.0652242	-0.246956
	13.7693	-0.794152	0.013398	0.0815281	-0.255747
	13.8151	-0.790092	0.00150554	0.0959619	-0.264236
	13.8611	-0.78534	-0.0108587	0.110716	-0.2735
	13.9071	-0.779902	-0.023665	0.12577	-0.283453
	13.9531	-0.773764	-0.0369441	0.141184	-0.294047
	13.9991	-0.766908	-0.0507241	0.157022	-0.305223
	14.0451	-0.759312	-0.0650304	0.17335	-0.316915
	14.091	-0.750952	-0.0798848	0.190243	-0.329044
	14.1306	-0.743122	-0.0931263	0.205294	-0.339767
	14.1708	-0.73456	-0.106998	0.221098	-0.35084
	14.211	-0.72535	-0.121316	0.237493	-0.362031
	14.2512	-0.715469	-0.136086	0.25453	-0.373255
	14.2861	-0.70632	-0.149282	0.269893	-0.382955
	14.3213	-0.696523	-0.162954	0.285977	-0.392632
	14.3566	-0.686149	-0.176964	0.302661	-0.402105
	14.3918	-0.675175	-0.191302	0.319972	-0.411286
	14.4271	-0.66358	-0.205959	0.337934	-0.420082
	14.4578	-0.65295	-0.218977	0.354133	-0.427351
	14.4888	-0.6417	-0.232347	0.37102	-0.434242
	14.5199	-0.629918	-0.245923	0.388437	-0.4406
	14.5509	-0.617587	-0.259686	0.40638	-0.44634
	14.5819	-0.60469	-0.273618	0.42484	-0.451374
	14.6099	-0.592594	-0.286273	0.441872	-0.455224
	14.6378	-0.579999	-0.299044	0.459313	-0.458366
	14.6658	-0.566911	-0.311893	0.477112	-0.460723
	14.6937	-0.553321	-0.324795	0.495236	-0.462225
	14.7217	-0.53922	-0.337727	0.513643	-0.462804
	14.7496	-0.524601	-0.350661	0.532282	-0.46239
	14.7747	-0.51107	-0.362218	0.549118	-0.461125
	14.7997	-0.497095	-0.373751	0.566072	-0.458963
	14.8244	-0.482911	-0.385048	0.58281	-0.455919
	14.8487	-0.468546	-0.396083	0.599265	-0.452001
	14.8726	-0.454016	-0.406841	0.615385	-0.447222
	14.8962	-0.439316	-0.417324	0.631139	-0.441592
	14.9195	-0.424466	-0.427516	0.646473	-0.435135
	14.9424	-0.409475	-0.43741	0.661345	-0.427872
	14.965	-0.394353	-0.446999	0.67571	-0.419831
	14.9873	-0.379111	-0.456276	0.689531	-0.411044
	15.0094	-0.363753	-0.46524	0.702773	-0.401538
	15.0312	-0.348295	-0.473884	0.715397	-0.391356
	15.0528	-0.332733	-0.48221	0.727379	-0.380524
	15.0741	-0.317083	-0.490213	0.738685	-0.369088
	15.0953	-0.30134	-0.497896	0.749295	-0.35708
	15.1163	-0.285516	-0.505257	0.759182	-0.344542
	15.1371	-0.269608	-0.512298	0.768329	-0.331511
	15.1578	-0.253624	-0.519018	0.776713	-0.31803
	15.1783	-0.23756	-0.525421	0.784322	-0.304133
	15.1988	-0.221415	-0.531508	0.791143	-0.289858
	15.2193	-0.205199	-0.537278	0.797158	-0.275252
	15.2396	-0.188913	-0.542731	0.802356	-0.260356
	15.2599	-0.172561	-0.547869	0.80673	-0.245211
	15.2803	-0.156138	-0.552694	0.810272	-0.229853
	15.3006	-0.139644	-0.557207	0.812977	-0.214321
	15.3209	-0.123085	-0.561408	0.814839	-0.198659
	15.3413	-0.106458	-0.565298	0.815858	-0.182903
	15.3618	-0.0897668	-0.568878	0.81603	-0.167095
	15.3823	-0.0730086	-0.572148	0.815357	-0.151271
	15.403	-0.0561859	-0.575108	0.813841	-0.135471
	15.4237	-0.0393012	-0.577759	0.811485	-0.119732
	15.4447	-0.0223536	-0.5801	0.808293	-0.104093
	15.4658	-0.00534327	-0.582132	0.804272	-0.0885867
	15.487	0.0117261	-0.583854	0.79943	-0.0732528
	15.5085	0.028853	-0.585265	0.793775	-0.0581262
	15.5303	0.0460351	-0.586366	0.78732	-0.0432418
	15.5523	0.063267	-0.587155	0.780077	-0.0286356
	15.5745	0.0805502	-0.587633	0.772059	-0.0143366
	15.5971	0.0978778	-0.587798	0.763282	-0.000379349
	15.62	0.115249	-0.58765	0.753763	0.0132082
	15.6432	0.132644	-0.587189	0.743528	0.0263858
	15.6668	0.150071	-0.586414	0.732591	0.039136
	15.6908	0.167518	-0.585325	0.720978	0.0514293
	15.7153	0.184974	-0.583924	0.708715	0.06324
	15.7401	0.202436	-0.58221	0.695827	0.0745488
	15.7654	0.219882	-0.580184	0.682351	0.08533
	15.7912	0.237307	-0.577849	0.668313	0.0955697
	15.8176	0.254701	-0.575205	0.653745	0.105256
	15.8444	0.272054	-0.572254	0.638678	0.114381
	15.8718	0.289341	-0.569002	0.623156	0.122931
	15.8998	0.306551	-0.565449	0.607215	0.130905
	15.9284	0.323667	-0.561602	0.590894	0.138306
	15.9576	0.340687	-0.557459	0.574218	0.145143
	15.9874	0.357578	-0.55303	0.55724	0.151422
	16.018	0.374335	-0.548316	0.53999	0.15716
	16.0492	0.390929	-0.543324	0.522518	0.162374
	16.0812	0.407351	-0.538055	0.504851	0.167091
	16.114	0.423606	-0.532507	0.487005	0.171344
	16.1475	0.439634	-0.526696	0.469061	0.175157
	16.1819	0.455459	-0.520611	0.451009	0.178577
	16.2171	0.471037	-0.514261	0.432912	0.181642
	16.2533	0.486368	-0.507639	0.414781	0.184401
	16.2905	0.501451	-0.500735	0.396629	0.186909
	16.3287	0.516237	-0.493559	0.378522	0.189217
	16.368	0.530761	-0.486077	0.360423	0.191393
	16.4081	0.544879	-0.478345	0.342517	0.193484
	16.4487	0.558425	-0.47045	0.32503	0.195535
	16.4898	0.57142	-0.462378	0.307951	0.197619
	16.5314	0.583875	-0.454116	0.291282	0.199802
	16.5735	0.5958	-0.44565	0.275022	0.202149
	16.6162	0.607203	-0.436965	0.259173	0.204722
	16.6595	0.61809	-0.428039	0.243739	0.20758
	16.7034	0.628467	-0.418849	0.228719	0.210781
	16.748	0.638338	-0.40937	0.21412	0.214377
	16.7933	0.647711	-0.399573	0.199943	0.218422
	16.8393	0.656588	-0.389425	0.186193	0.222962
	16.886	0.664974	-0.378889	0.172873	0.228042
	16.9335	0.672876	-0.367927	0.159991	0.233702
	16.9818	0.680296	-0.356496	0.147551	0.239975
	17.0309	0.687241	-0.344552	0.135563	0.24689
	17.0808	0.693715	-0.332044	0.124036	0.254467
	17.1315	0.699727	-0.318922	0.112981	0.262719
	17.1832	0.705286	-0.305126	0.10241	0.27165
	17.2358	0.710404	-0.290589	0.0923345	0.281253
	17.2884	0.71501	-0.275535	0.0829481	0.291312
	17.3409	0.71914	-0.259942	0.07425	0.301753
	17.3935	0.722832	-0.243791	0.066247	0.312486
	17.4461	0.726121	-0.227071	0.0589551	0.323404
	17.4987	0.729046	-0.209774	0.0524005	0.334376
	17.5426	0.731238	-0.194886	0.0475172	0.343473
	17.5885	0.73331	-0.178938	0.0430293	0.352775
	17.6254	0.734838	-0.165784	0.0398869	0.360043
	17.6637	0.736314	-0.151828	0.0370908	0.367293
	17.6979	0.737545	-0.139164	0.0350229	0.373412
	17.7323	0.73872	-0.12622	0.0333614	0.379165
	17.7667	0.739845	-0.113086	0.0321336	0.384431
	17.8011	0.740936	-0.0997806	0.0313484	0.389122
	17.8355	0.742007	-0.0863249	0.0310088	0.393148
	17.8699	0.743074	-0.0727435	0.0311096	0.396418
	17.9043	0.744152	-0.0590639	0.0316351	0.398841
	17.9387	0.745255	-0.0453167	0.0325583	0.400332
	17.9726	0.74638	-0.0317223	0.0338196	0.400816
	18.0071	0.747574	-0.0178954	0.0354079	0.400242
	18.0423	0.748853	-0.00383339	0.0372788	0.3985
	18.0738	0.750053	0.0086614	0.0391016	0.395936
	18.1053	0.751315	0.02108	0.0410082	0.39241
	18.137	0.752646	0.0334517	0.0429463	0.38791
	18.1699	0.754093	0.0461392	0.0449142	0.382256
	18.2051	0.755706	0.0594472	0.0468879	0.375183
	18.2402	0.757385	0.0724889	0.0486616	0.367114
	18.2753	0.759122	0.0852309	0.0501723	0.358142
	18.3105	0.760907	0.0976434	0.0513674	0.348371
	18.3456	0.762727	0.1097	0.0522049	0.33791
	18.3807	0.76457	0.121379	0.052652	0.32687
	18.4159	0.766422	0.132661	0.0526843	0.315358
	18.451	0.768267	0.143533	0.0522843	0.30348
	18.4866	0.770117	0.154131	0.0514236	0.291155
	18.5247	0.772049	0.164964	0.0499879	0.277792
	18.5669	0.774115	0.176378	0.0477636	0.262865
	18.6151	0.776338	0.188626	0.0444071	0.24587
	18.6582	0.778175	0.198905	0.0406527	0.230809
	18.7016	0.779843	0.208591	0.0361606	0.21594
	18.7447	0.781293	0.217591	0.0309763	0.201529
	18.7883	0.782516	0.226064	0.0250068	0.18744
	18.8327	0.783477	0.234076	0.0181647	0.173662
	18.8782	0.784128	0.241669	0.0103498	0.160225
	18.9247	0.784408	0.248818	0.00151417	0.147285
	18.9723	0.784247	0.255527	-0.00841365	0.134962
	19.0212	0.783567	0.261838	-0.0195668	0.123331
	19.0718	0.782261	0.267807	-0.0321474	0.112461
	19.1239	0.780225	0.273405	-0.0461837	0.102613
	19.1766	0.777393	0.278581	-0.0615198	0.094098
	19.2293	0.773725	0.283343	-0.0780095	0.0871023
	19.2813	0.769214	0.287732	-0.0954862	0.0817239
	19.3324	0.763871	0.291806	-0.113794	0.0779787
	19.3835	0.757563	0.295728	-0.133274	0.0757873
	19.4281	0.751232	0.299085	-0.151232	0.0751635
	19.473	0.744016	0.302469	-0.170305	0.0757565
	19.5179	0.73592	0.305908	-0.19038	0.0775776
	19.5628	0.7269	0.309455	-0.211504	0.0806181
	19.6032	0.717961	0.312783	-0.231433	0.0843762
	19.6436	0.708197	0.316282	-0.252302	0.0890811
	19.6839	0.697571	0.31999	-0.274161	0.0946983
	19.7243	0.686041	0.323942	-0.297071	0.101182
	19.7647	0.673563	0.328172	-0.321103	0.108472
	19.8001	0.661811	0.332134	-0.343152	0.115464
	19.8357	0.649178	0.336379	-0.366332	0.123002
	19.8713	0.635701	0.340901	-0.390575	0.130965
	19.907	0.621341	0.345713	-0.415954	0.139256
	19.9384	0.60788	0.350215	-0.439395	0.146767
	19.9701	0.593593	0.354979	-0.46397	0.154391
	20	0.57935	0.359706	-0.488207	0.161573
