	0	0.989609551905273	0	0	0.26883570412831
	8.82893327449181e-05	0.989596083489925	2.36794491847626e-05	-0.305815221439811	0.26692981855046
	0.000193563926986266	0.989544223798802	5.14348419882241e-05	-0.682879483371122	0.25932684002216
	0.000287076812308354	0.989463778380807	7.51419978942894e-05	-1.04296557681112	0.246633508103877
	0.000368923329740174	0.989364401834616	9.46639737774233e-05	-1.39210865552532	0.229232249254324
	0.000439797636660076	0.989253857843332	0.000110177301016875	-1.73513912211713	0.207222639742402
	0.000500727681114469	0.989138010784201	0.000122034199761794	-2.0762368488594	0.180478477887578
	0.000552806902866552	0.989021211441144	0.000130650762819619	-2.41881519637873	0.148711263395499
	0.000594871269664564	0.9889127663691	0.000136206253057243	-2.74661805352245	0.113681913231446
	0.000629190692326963	0.98881321717832	0.000139482721114512	-3.06368879117451	0.0754635182909971
	0.000657349489827845	0.988722730906084	0.000141052746875075	-3.37179259259957	0.034217517861973
	0.000680238996297079	0.988642261930064	0.000141360051222579	-3.66727671706803	-0.00916532134884003
	0.000699358303293862	0.988569448467158	0.000140760461350099	-3.95715555996716	-0.0553869613143715
	0.000719072641356879	0.988488035082907	0.000139087647381337	-4.31369252770959	-0.117243545592683
	0.000734663538643173	0.988418206541533	0.000136780460821561	-4.65430417353712	-0.181533009589033
	0.000748717918009942	0.988350270662585	0.000133720534662348	-5.02537796866257	-0.257399996177149
	0.000760812048579732	0.988287217392862	0.000130110519035675	-5.41472592792691	-0.343599063975219
	0.000771177818363252	0.988229043467605	0.000126065606288026	-5.82346232562664	-0.441437610282975
	0.000780026054937501	0.988175684093629	0.000121692365245324	-6.25244661515098	-0.55231802304944
	0.000787554983770301	0.988126974646679	0.00011708401187495	-6.70266960060648	-0.67784373048013
	0.000793945658877207	0.988082683748907	0.000112320145405849	-7.17523792142183	-0.819850292985846
	0.00079935894617387	0.988042547747919	0.000107468444178112	-7.67124766123797	-0.980404105512331
	0.000803937018674996	0.988006279548991	0.000102584823292205	-8.19184795281177	-1.16185878489213
	0.000807803372934391	0.987973589199547	9.771560390999e-05	-8.73811381809384	-1.36685509447
	0.000811065403193578	0.987944184535479	9.28975969643948e-05	-9.31114087913826	-1.59840251983506
	0.000813815450863834	0.987917782333406	8.81598655843305e-05	-9.9119583126791	-1.85990758792066
	0.000816132308818062	0.987894115003708	8.35253561134416e-05	-10.5414187626656	-2.15519057161242
	0.000818083365471966	0.98787292863181	7.90111160603194e-05	-11.2002437844449	-2.48857874368326
	0.000819726136645801	0.987853983777549	7.46288681787517e-05	-11.8890279633545	-2.86500973619636
	0.000821109043429384	0.987837063002462	7.03873428284787e-05	-12.6079275957008	-3.28997658773487
	0.000822273364497886	0.987821962710354	6.629108299046e-05	-13.3568596114032	-3.7697661125769
	0.000823253901859346	0.987808497474206	6.23420651113036e-05	-14.1352310760349	-4.31147212444524
	0.000824080070694861	0.987796497551857	5.85396913296077e-05	-14.9418904822489	-4.92317029035931
	0.000824776504949757	0.98778581117697	5.4882206688858e-05	-15.774728703968	-5.61387599512009
	0.000825364219984481	0.987776296666051	5.13646861642661e-05	-16.6309760537546	-6.39412816339464
	0.000825860553188458	0.987767831755592	4.79829312156635e-05	-17.5060543737593	-7.27542654704647
	0.000826280376288209	0.987760301386467	4.47295485521562e-05	-18.3941846068807	-8.27134569104125
	0.000826636083138557	0.987753603977914	4.15967247303313e-05	-19.2872328521369	-9.39722490108764
	0.000826938143830709	0.987747647389114	3.85749911939846e-05	-20.1743499234562	-10.6708804718845
	0.000827195366727728	0.987742348959507	3.56534879098032e-05	-21.0409205080238	-12.1130256920695
	0.000827415225505481	0.987737633468743	3.28189832981053e-05	-21.867384885393	-13.7483956575975
	0.000827604076688203	0.987733432526074	3.00552093949779e-05	-22.6271310834998	-15.607165715912
	0.000827767412800223	0.987729682654017	2.73407356377004e-05	-23.2832195705903	-17.7279289545377
	0.000827910157439748	0.987726321963512	2.46441334061499e-05	-23.7823460387859	-20.164411340612
	0.000828036799090506	0.987723290919166	2.19192279585508e-05	-24.0409956890298	-22.9947534690951
	0.000828142182049628	0.987720758834487	1.93424920727194e-05	-23.9462967930456	-26.0280398893017
	0.000828231538440137	0.987718638437283	1.68780749981096e-05	-23.4204923076901	-29.2415847857865
	0.000828307658638106	0.987716890377732	1.45301432202904e-05	-22.3935245830533	-32.5393000892738
	0.000828373576936167	0.987715462188839	1.22788913660351e-05	-20.8050530205718	-35.8286561114759
	0.000828432115708368	0.987714304707235	1.0089115420977e-05	-18.5930655301636	-39.0155588901232
	0.000828491547397381	0.987713291357991	7.67218405351418e-06	-15.3152183919267	-42.3009900121329
	0.000828540377249487	0.987712628114307	5.54498340837461e-06	-11.7085135360774	-44.762553277969
	0.000828590588296643	0.987712151259444	3.24519365373062e-06	-7.15442837511618	-46.7130545797111
	0.000828640799343798	0.987711920286159	8.698820507637e-07	-1.97262377593616	-47.7170264670907
	0.000828682599919801	0.987711931513893	-1.12650765310638e-06	2.50638194342816	-47.6633833326064
	0.000828725716541437	0.987712136481103	-3.16511665372632e-06	6.94496262203684	-46.7652425027207
	0.000828768929982219	0.987712524809873	-5.15339381031252e-06	10.9333739824233	-45.1555278122076
	0.000828819558751249	0.987713180342756	-7.37873946274255e-06	14.8106872429226	-42.6751715330269
	0.00082887802200125	0.987714150164264	-9.78056370135279e-06	18.1759499116792	-39.4642609129166
	0.000828936485251252	0.987715285382945	-1.19935019673029e-05	20.5065676289128	-36.2643686836304
	0.000828994624170234	0.987716525336977	-1.40145532337603e-05	22.0372447596644	-33.3078208310116
	0.000829059073203321	0.987717982334087	-1.60650427599651e-05	23.0824726379909	-30.3888987952066
	0.000829131894717735	0.987719689026083	-1.8171849297909e-05	23.7133858636558	-27.5516677374559
	0.000829215314284721	0.987721681259922	-2.03532546610762e-05	23.9899819157313	-24.8348857848237
	0.000829311837128227	0.987723997917707	-2.26221855793001e-05	23.9674864601296	-22.2700217427836
	0.000829423863832362	0.987726669575377	-2.49784990463693e-05	23.6996221536932	-19.8889688392097
	0.00082955450565444	0.987729736614684	-2.74281904169192e-05	23.2373849635093	-17.703086869274
	0.000829707131126626	0.987733237073788	-2.99721482801871e-05	22.6273999894186	-15.7179071283297
	0.000829885516767411	0.98773720921296	-3.26095959202376e-05	21.9108746150984	-13.9311851290106
	0.000830094169152133	0.987741697501537	-3.53420955285971e-05	21.1218597941914	-12.3328169263202
	0.000830337036197838	0.987746724565005	-3.81574145337889e-05	20.291944592035	-10.9157591004155
	0.000830618276152241	0.987752309833231	-4.10438312869119e-05	19.4464198882607	-9.66745204398322
	0.000830945266368016	0.987758526219527	-4.40162703685579e-05	18.597181931196	-8.56346990578654
	0.000831326537889812	0.987765451460563	-4.70861582613794e-05	17.7531435249568	-7.58462948336342
	0.000831771923074548	0.987773167803585	-5.02618319544078e-05	16.9211922451126	-6.71543837418716
	0.000832292985081986	0.98778176609523	-5.35504557666793e-05	16.1063354987144	-5.94268500476818
	0.000832903457873952	0.987791348583091	-5.6958745811353e-05	15.3120157179828	-5.2548799662261
	0.000833619166412333	0.98780202283923	-6.04904907402931e-05	14.5410137325241	-4.6424117076929
	0.000834458956097787	0.987813910823087	-6.41494726839319e-05	13.7949740584852	-4.09665256106127
	0.000835445057337606	0.987827147342437	-6.79382600503648e-05	13.0748735906637	-3.61004419915266
	0.000836603398996561	0.987841877475602	-7.18570353129146e-05	12.3813385804804	-3.17604670702706
	0.000837964402280046	0.987858259560751	-7.59040917967866e-05	11.7145834968391	-2.7888783908152
	0.000839563390199863	0.987876462107291	-8.00746736673069e-05	11.0746223065433	-2.44348231680476
	0.000841442279947599	0.987896674049694	-8.43628735459788e-05	10.4609807543109	-2.13524867397249
	0.000843649818553635	0.987919096100256	-8.87589727307563e-05	9.87310942733339	-1.86014815838093
	0.00084624211155792	0.987943935964394	-9.32483004901124e-05	9.31046614934169	-1.61466576804812
	0.000849285502892355	0.987971424279619	-9.78137491059291e-05	8.77214694408295	-1.39556729800723
	0.000852857253497555	0.988001805249176	-0.000102433184542623	8.25718601337785	-1.19998900509395
	0.000857045410106826	0.98803532148203	-0.000107076837374741	7.76475969408402	-1.02545510167945
	0.000861953413891125	0.988072236159498	-0.000111710197021572	7.29378585573971	-0.869684662771171
	0.000867698218135619	0.988112800315061	-0.000116289152033833	6.84335663344984	-0.730710673787026
	0.000874414262588508	0.988157265529221	-0.000120761663601337	6.41246880866053	-0.606753368038183
	0.00088225359477764	0.988205865642387	-0.000125065619536923	6.00015422394743	-0.496236710033134
	0.000891384597441271	0.988258792954799	-0.000129127240392242	5.60555707589476	-0.397780751837476
	0.0009019988883766	0.988316222090824	-0.000132863515125846	5.22764398606034	-0.31010809401581
	0.000914297754907579	0.98837822048906	-0.000136177015282306	4.86570459997171	-0.232146663873698
	0.000928493851027268	0.988444758318417	-0.000138959928057311	4.51905338845309	-0.162933029991875
	0.000944796454629663	0.988515644769515	-0.000141094975071859	4.18720455374858	-0.101631394654372
	0.000963384193455292	0.988590442601053	-0.000142460040332154	3.87004126364826	-0.0475387035148937
	0.000984344657250859	0.988668309555133	-0.000142938798588794	3.56818813850899	-0.000110206658382821
	0.00100754445649721	0.988747705480655	-0.000142445502646844	3.28374272090742	0.0409881555597678
	0.00103213989482149	0.98882519892988	-0.000140996933946705	3.02382982524642	0.0755088914078472
	0.00106259332289794	0.988912942575183	-0.000138162174551549	2.74555434764906	0.109274654207823
	0.00109959195778226	0.989009007081076	-0.000133505289007846	2.45464332394108	0.141060481273643
	0.00114436376357768	0.989111960227245	-0.000126503476935249	2.15195379563059	0.170341353090567
	0.00119849674776034	0.989219705114612	-0.0001165309527888	1.8364720696586	0.196766732632372
	0.00126137459287107	0.98932493830932	-0.000103414306779738	1.51781831217826	0.219241290496869
	0.00133370476460163	0.989422795231715	-8.68481177696817e-05	1.19428765188161	0.237749775942044
	0.00141641057853454	0.989507593485273	-6.65430554177464e-05	0.861607325453063	0.252278875050683
	0.00151022682496691	0.989571943874183	-4.23467046184404e-05	0.514256647931524	0.262602186373519
	0.00161556069241526	0.989606523502918	-1.43416243062661e-05	0.144554887341201	0.268173372782054
	0.00173322178596008	0.989599634430618	1.726000041146e-05	-0.262148975781595	0.267865304785492
	0.00183739852592375	0.98955317324783	4.48959584372945e-05	-0.632868372085082	0.261707334890249
	0.00193256392167921	0.989475953206193	6.93071047749674e-05	-0.995107554177486	0.250259732844923
	0.00201594102865939	0.989378652125441	8.95453946852803e-05	-1.34543930742321	0.23405814539987
	0.00208822608006361	0.989269255307123	0.000105758129533165	-1.68905380966836	0.213238584191848
	0.00215042295080513	0.989153859827348	0.000118272197962941	-2.03023160528118	0.18770796286063
	0.00220362309036639	0.989036999983749	0.000127491157674119	-2.37247883258903	0.157202999842013
	0.00224726449470796	0.988926412695407	0.000133640273350472	-2.70501856982338	0.122839270619743
	0.00228259667349526	0.988825353917907	0.000137350717912029	-3.0245616955926	0.0854058426655371
	0.0023116252523447	0.988733164927994	0.000139266641431186	-3.33582933726681	0.044759410234554
	0.00233529530718165	0.988650752269849	0.000139837542118425	-3.63585647853325	0.00165150019995733
	0.00235416330309002	0.988579572236799	0.000139471280342497	-3.91639877021586	-0.0421664459927668
	0.00237377112802799	0.988499495452592	0.00013809532637524	-4.2623185052783	-0.100894899664518
	0.00238974161750713	0.988428797006797	0.000136005366520864	-4.60165449752827	-0.163583504860275
	0.00240406887880869	0.988360319745945	0.000133158386520009	-4.96928008720927	-0.237220607568123
	0.00241642167675857	0.98829663020986	0.000129734584356379	-5.35532286771405	-0.321012061780152
	0.00242702153370977	0.988237789141596	0.000125851093011793	-5.76069684753225	-0.416204415048758
	0.00243607850937055	0.988183754201918	0.000121615766631768	-6.18625228673988	-0.524173758064957
	0.0024437911444883	0.988134379710996	0.000117123821940206	-6.63295611624252	-0.64648860691171
	0.00245034154229114	0.988089449932489	0.000112457375422226	-7.10186813580343	-0.784936037260166
	0.00245589288299984	0.988048707721378	0.000107686196483412	-7.59408642823588	-0.941540770179438
	0.00246058963743758	0.988011870553555	0.000102868314087693	-8.11075708134083	-1.11860637288876
	0.00246455768222612	0.9879786498818	9.80518670273259e-05	-8.65297474250053	-1.3187243793152
	0.00246790646200179	0.987948755059086	9.32755692848727e-05	-9.2218335584	-1.54483865296118
	0.00247073022263949	0.987921903182109	8.85702498801735e-05	-9.81835936414342	-1.80027737424968
	0.0024731096296059	0.987897824632352	8.39601752875319e-05	-10.4434412808314	-2.08878696890321
	0.00247511389704587	0.987876261036574	7.9463089720118e-05	-11.0979193270091	-2.41465012690323
	0.00247680157930593	0.987856974527069	7.50925732368579e-05	-11.7823299608657	-2.78265721062348
	0.00247822237383863	0.987839744759551	7.08582259671752e-05	-12.4968997409029	-3.19819521622621
	0.0024794188069209	0.987824363232308	6.67647746277159e-05	-13.2417426022804	-3.66750340053445
	0.00248042631632108	0.987810645520022	6.28158068467415e-05	-14.0162089658925	-4.19744354897978
	0.00248127514431061	0.987798419021101	5.90112800044211e-05	-14.8192758065428	-4.79592853671977
	0.00248199067708716	0.987787528420465	5.53495783649315e-05	-15.6490790723455	-5.47186251603362
	0.00248259430108428	0.987777832997483	5.18273913350291e-05	-16.5027746869472	-6.23533144739928
	0.00248310411766359	0.987769203890571	4.84392639675854e-05	-17.3764455184957	-7.09796256502031
	0.00248353525663803	0.987761526516248	4.5179021380427e-05	-18.2644403858455	-8.0728845299281
	0.00248390043941355	0.987754697868649	4.20393466940851e-05	-19.1590049242614	-9.1750639553349
	0.00248421044705308	0.987748623825828	3.90109453388271e-05	-20.0498883194403	-10.4219870896278
	0.00248447432041873	0.987743220468471	3.60834021828311e-05	-20.9231838832206	-11.8338702175154
	0.00248469973619973	0.987738411254561	3.32438910910435e-05	-21.7603315396858	-13.43486044317
	0.00248489315567572	0.987734128019682	3.0477606742241e-05	-22.5358705478474	-15.2536888295349
	0.00248506026243132	0.987730305071052	2.77632605263521e-05	-23.2151823292202	-17.3280173791438
	0.00248520598815504	0.987726881876872	2.50725876036221e-05	-23.7480805901238	-19.7077829529497
	0.00248533525664097	0.987723789360446	2.23541255439287e-05	-24.0581307839329	-22.4752090989915
	0.0024854436629079	0.987721179306521	1.97617113498335e-05	-24.0316504999437	-25.4741145314583
	0.00248553548622028	0.987718988984698	1.72812512520753e-05	-23.5872761140025	-28.6655665324277
	0.00248561360090999	0.987717178649319	1.49171322749084e-05	-22.6520265712247	-31.9586701997093
	0.00248568098509147	0.987715697946538	1.26547860752971e-05	-21.1654519981881	-35.257797504944
	0.0024857405803419	0.987714494837701	1.04588480342786e-05	-19.064770548971	-38.4732727801902
	0.00248579489338206	0.987713530758148	8.28703814582943e-06	-16.2807860438523	-41.4961274515336
	0.00248584943766019	0.987712741618434	5.94440413759478e-06	-12.4785527210698	-44.3387986672973
	0.00248589831803198	0.987712233233176	3.72453920670135e-06	-8.19218018013236	-46.3784587384135
	0.00248594750294176	0.987711950600273	1.40956258680866e-06	-3.2155782346641	-47.5882511458901
	0.00248599117379699	0.987711912008903	-6.75467371132036e-07	1.45821925713051	-47.7484951631442
	0.00248603530167047	0.987712079047482	-2.76927274736305e-06	6.0640123507694	-47.0033593145587
	0.00248607942954395	0.987712440773626	-4.81227015285801e-06	10.2376805370818	-45.4789825894345
	0.00248612812492307	0.9877130369667	-6.97278249197113e-06	14.1101905322622	-43.1753619912614
	0.00248618537113196	0.987713949897704	-9.35649864090281e-06	17.5977739095472	-40.0677420824476
	0.00248624261734085	0.987715032087022	-1.15594937387838e-05	20.0565032484373	-36.9149375716637
	0.00248629978664656	0.987716229155333	-1.35840573678653e-05	21.7064859029706	-33.9547240648894
	0.00248636274041312	0.987717634744232	-1.56275346476738e-05	22.8504188039453	-31.0270805562339
	0.00248643364901371	0.987719283309427	-1.77236590513843e-05	23.5668597721484	-28.1706998509782
	0.00248651467909719	0.987721209723254	-1.98916918417966e-05	23.9168738880683	-25.4265077959549
	0.00248660825386814	0.987723451840657	-2.2145154468752e-05	23.9563413091229	-22.8281986695067
	0.00248671687299058	0.98772604393723	-2.44881904236861e-05	23.7389662461331	-20.4062299284933
	0.00248684349309246	0.987729024225096	-2.69251621913201e-05	23.3163462357507	-18.1768695524609
	0.00248699125583834	0.987732427241758	-2.94548833392881e-05	22.7367756684632	-16.1495409860513
	0.00248716398336207	0.987736294340137	-3.20795153139438e-05	22.0422271208242	-14.3211622885879
	0.00248736597247813	0.987740667512215	-3.47994241870108e-05	21.268462769945	-12.6836421178188
	0.00248760172385393	0.987745582862169	-3.76100878760644e-05	20.4461491562207	-11.2269759009559
	0.00248787457368991	0.987751044218953	-4.04904177207728e-05	19.6046196992234	-9.94434569585908
	0.00248819159819597	0.987757121623745	-4.34551245477498e-05	18.7569492895054	-8.81063544280421
	0.00248856098096999	0.987763889985116	-4.65156100614247e-05	17.9128385335191	-7.80599267966791
	0.00248899244877991	0.987771433784566	-4.96823754036233e-05	17.0791761671266	-6.91379258886349
	0.00248949704768068	0.987779839482479	-5.29618348980847e-05	16.2616450434674	-6.12074602283993
	0.00249008821816203	0.98778920975099	-5.6362018788678e-05	15.4637433212131	-5.41479517535881
	0.00249078118487836	0.987799648540676	-5.98865162104812e-05	14.6886273762989	-4.78619426753886
	0.00249159442531695	0.987811278809879	-6.35405802381282e-05	13.9379072905211	-4.22591666197135
	0.00249254911692915	0.987824227848726	-6.73256758713528e-05	13.2130292478643	-3.72644533401931
	0.00249367025084893	0.987838636987583	-7.12423923687184e-05	12.5147259206952	-3.28103696993531
	0.00249498754254625	0.987854665346125	-7.52907198239482e-05	11.8430971525499	-2.88362160680038
	0.00249653530914016	0.9878724797793	-7.94668838492032e-05	11.1981963772104	-2.52900133779549
	0.00249835435796452	0.987892268103421	-8.37661545503736e-05	10.5795691743109	-2.2124394717574
	0.00250049128541026	0.987914221104172	-8.81782979422132e-05	9.98692069508918	-1.92991146980289
	0.00250300187730088	0.987938557491751	-9.26923926948785e-05	9.4193995873723	-1.67765442709847
	0.00250594991043968	0.987965498420193	-9.72910877240255e-05	8.87633942539173	-1.45245721245727
	0.00250940974615385	0.987995279906911	-0.000101952746290799	8.35689672312726	-1.25142227762326
	0.00251346853587582	0.988028156242333	-0.0001066511943099	7.86004316651128	-1.07192676857833
	0.00251822639148985	0.988064384435989	-0.000111352773881361	7.38481633660069	-0.911676352046821
	0.00252379680890848	0.988104212648867	-0.000116014899467268	6.93035849924367	-0.768667263453808
	0.00253031156844474	0.98814789893082	-0.000120588211381424	6.49561744215233	-0.641056876549853
	0.00253791980550343	0.988195684316914	-0.000125013102212008	6.07960724795134	-0.527224477304202
	0.0025467892972202	0.988247783646374	-0.000129219170929232	5.68137246344707	-0.425731842812223
	0.0025571053379813	0.988304362747947	-0.00013312400437436	5.30004019617963	-0.335312452734638
	0.00256907062058456	0.988365524894895	-0.000136633495608906	4.93476796733121	-0.254836875421437
	0.00258290093783922	0.988431279338374	-0.000139641777557935	4.58479485364406	-0.183306733957292
	0.00259881052312685	0.988501474872331	-0.00014203172162266	4.2496101475277	-0.119867727585845
	0.00261699449861034	0.988575749277976	-0.000143679808879205	3.92895697453648	-0.0637831487359214
	0.00263758204388544	0.988653400703049	-0.00014446403973886	3.6231360350683	-0.0144573026279416
	0.00266053515163063	0.988733151915692	-0.000144282673152304	3.33358950523902	0.0285206534528731
	0.00268533293882003	0.988812406713993	-0.000143103639394162	3.06504687526156	0.0651628960658772
	0.00271450468246439	0.988897742659246	-0.000140685879942116	2.79220194876833	0.0992373234902688
	0.00275009873386948	0.988991893491953	-0.000136551768503617	2.50522987910641	0.131662632058006
	0.00279318376813075	0.989093231034001	-0.000130201505108575	2.20630474702119	0.161737023591416
	0.00284525529640854	0.989199809889421	-0.000121032802467105	1.89484515918255	0.189076786387927
	0.00290653041545335	0.989305946839192	-0.000108681587231525	1.57663037215466	0.212822364807292
	0.00297706278931907	0.989405556868529	-9.29345713947319e-05	1.25430953881125	0.232585427977837
	0.00305781552790299	0.989493274391475	-7.34732370229225e-05	0.923676371261107	0.248399503059007
	0.00314956866917617	0.989562037801454	-5.0101617774794e-05	0.57948863887075	0.260091083104708
	0.00325279042607086	0.989602885886416	-2.28384840582333e-05	0.214591098032114	0.267195403884241
	0.00336798117303357	0.989604679381771	8.09170008767106e-06	-0.183337873813595	0.268753204288899
	0.00347570024111394	0.989564612478009	3.68518038318503e-05	-0.563265376328319	0.264215901587796
	0.00357293979083718	0.989492349278695	6.21131489504493e-05	-0.927813609526577	0.254315956209282
	0.00365849010166277	0.98939818040596	8.32869510074735e-05	-1.27998011040553	0.239571162683365
	0.00373278219468885	0.989290567536086	0.00010041135361764	-1.62452244784058	0.220190753859981
	0.0037967881457057	0.989175934165197	0.000113779711572781	-1.96590185632312	0.196125848630055
	0.00385159135855839	0.989059085240675	0.000123778069034641	-2.30774743845191	0.167148496354477
	0.00389741442062573	0.988945808381901	0.00013070991333001	-2.64609807225248	0.133629950712488
	0.00393414988341267	0.988842851836698	0.000134982309986779	-2.96839258590996	0.0972000424950193
	0.00396437169434192	0.988748521822072	0.000137345731691421	-3.283080117137	0.0573671056389072
	0.00398907979808915	0.988663743541782	0.000138259649907951	-3.58779104817435	0.0147601316283045
	0.00400897706831996	0.988589558581159	0.0001381323823489	-3.8766414649179	-0.0293174100053056
	0.00402738753003723	0.988515368472135	0.000137132165617589	-4.19197047066757	-0.0815588938188649
	0.0040459331486759	0.988434189083952	0.000135007818488724	-4.57584434846124	-0.151006676501525
	0.00405969781243128	0.988368891914375	0.000132479922113637	-4.92242050531445	-0.219269031813898
	0.00407228551126771	0.988304594669404	0.000129228921945886	-5.30619597830218	-0.301073651887932
	0.004083079749856	0.988245219810265	0.000125501344848146	-5.70864740495849	-0.393947442479494
	0.00409231215408862	0.988190631668919	0.000121400620439997	-6.13126627031925	-0.499379020361997
	0.0041001798334653	0.988140708537256	0.000117023928554797	-6.57495235751149	-0.618896582001967
	0.00410686602511661	0.988095245046453	0.00011245505180807	-7.04076486497638	-0.754257751474303
	0.00411253511372478	0.98805399375443	0.000107765812787188	-7.52977498622547	-0.907444836930896
	0.00411733341650097	0.988016676329161	0.00010301601967294	-8.04313142371396	-1.08072125591692
	0.00412138863743138	0.987983006689396	9.82555074574985e-05	-8.58193504751043	-1.27663368318092
	0.00412481197106412	0.987952695272974	9.35245796878068e-05	-9.14728970033906	-1.49807511519207
	0.00412769938413681	0.987925458291651	8.8855350538356e-05	-9.74025798922572	-1.74832621496539
	0.00413013282785921	0.987901027226427	8.42736985311148e-05	-10.3617122335909	-2.03105386702095
	0.00413218284500981	0.987879142613683	7.97986182538907e-05	-11.0125050692802	-2.3504585444108
	0.00413390928002518	0.987859563781371	7.5444488063801e-05	-11.6932416750439	-2.71126303082979
	0.00413536295698411	0.987842067272056	7.12214655144748e-05	-12.404259785516	-3.11880046677795
	0.00413658699700393	0.98782644632689	6.71359856409367e-05	-13.1455793081821	-3.5791134946641
	0.00413761780626111	0.987812512182192	6.31917410056689e-05	-13.9167290002124	-4.09900281423545
	0.00413848631440892	0.987800089890927	5.93891418762414e-05	-14.7168238150615	-4.68627672290804
	0.00413921838491461	0.987789023531849	5.5727469455185e-05	-15.544053919267	-5.3496353894934
	0.00413983592013701	0.987779170156507	5.22037371976846e-05	-16.395768598054	-6.09901433585948
	0.00414035741413845	0.987770399553668	4.88130315088085e-05	-17.2682259752518	-6.94580822653424
	0.00414079834004165	0.987762595712046	4.55496245669727e-05	-18.1560169441027	-7.90287882821082
	0.00414117183909364	0.987755651845294	4.24054737093696e-05	-19.0520375636601	-8.98529500578797
	0.00414148876240894	0.987749475778693	3.93730578617296e-05	-19.9460810991089	-10.2097597964346
	0.00414175840647415	0.987743981589299	3.64420036017221e-05	-20.8249133291403	-11.5961564508743
	0.00414198859246897	0.987739092342256	3.36003534436908e-05	-21.6706406917297	-13.167794523926
	0.00414218602336386	0.987734736812868	3.08325693685505e-05	-22.459303580933	-14.953387352498
	0.00414235637440974	0.987730851229906	2.81199035554741e-05	-23.1574850661754	-16.9882658278243
	0.00414250474879291	0.987727372510212	2.54340621785985e-05	-23.718077232049	-19.3213565339542
	0.00414263597612627	0.987724234619871	2.27289319434361e-05	-24.0693510255233	-22.028205678069
	0.00414274726188268	0.987721550995428	2.01188582366875e-05	-24.1000412028068	-25.0022168494487
	0.00414284121354577	0.987719300435697	1.76263511593422e-05	-23.7241125917347	-28.1718994878303
	0.00414292110244825	0.987717435084208	1.52483203392045e-05	-22.8661877796433	-31.4596643611613
	0.00414298984666455	0.987715906947391	1.29744469883853e-05	-21.4642010824741	-34.7680614560181
	0.00414305038790074	0.987714663881191	1.07727869129766e-05	-19.4568854340185	-38.0057482754799
	0.00414310532727249	0.98771366436111	8.60067781302073e-06	-16.7747983423105	-41.0691437169263
	0.00414316059422844	0.987712834907152	6.24835956903842e-06	-13.0613470451486	-44.0007097437336
	0.00414320947329721	0.987712295299645	4.0430143866857e-06	-8.88387561725298	-46.1329966152783
	0.00414325887468561	0.987711975789151	1.72659127190301e-06	-3.95721499486426	-47.4845030452186
	0.00414330827607401	0.987711910136762	-6.30650153050325e-07	1.31828675527444	-47.7545107388776
	0.00414334972512712	0.987712055567036	-2.59907259911046e-06	5.65854109373356	-47.0966079301254
	0.00414339183192731	0.987712380507078	-4.55520966000383e-06	9.69421925381195	-45.7107726435657
	0.0041434398565807	0.987712943318285	-6.6994977760694e-06	13.6107974910894	-43.5027818729764
	0.00414349641298089	0.987713819344245	-9.07517105081591e-06	17.1833528193352	-40.4646038425426
	0.00414355296938108	0.987714867572702	-1.12751145184917e-05	19.7302081020642	-37.3435167740677
	0.00414360955114784	0.987716036232091	-1.33032260176677e-05	21.460916860968	-34.3838066235718
	0.0041436715961114	0.987717408443564	-1.53437770829969e-05	22.6718427190522	-31.4521659497231
	0.0041437412771443	0.987719018115895	-1.7432983744281e-05	23.4460249030468	-28.5867752829414
	0.00414382078832492	0.987720900903032	-1.95928861581321e-05	23.8463335289029	-25.8269666481272
	0.00414391250258485	0.987723094044523	-2.18373581923324e-05	23.9287450354107	-23.2081038393904
	0.0041440188471919	0.987725630941046	-2.41704907217104e-05	23.7471580866959	-20.7626260413296
	0.00414414275514773	0.98772855031832	-2.65978020939647e-05	23.353506997923	-18.5073277062182
	0.00414428743842825	0.987731889507361	-2.91204968933831e-05	22.7960523013003	-16.4514272468627
	0.00414445651350566	0.987735686364057	-3.17382575928791e-05	22.1180385287336	-14.5953522942805
	0.00414465421172636	0.987739982891666	-3.44518942835057e-05	21.3560714711137	-12.9314592699542
	0.00414488540241083	0.987744824230624	-3.72622062753445e-05	20.5401629316194	-11.4476879955621
	0.00414515292932307	0.987750204746474	-4.0142065701859e-05	19.7022541306974	-10.1412634040736
	0.00414546352497102	0.987756189620131	-4.31045272999829e-05	18.8567030322231	-8.9872778465253
	0.00414582543402454	0.987762857265375	-4.61635851391734e-05	18.0130488574234	-7.96447258496636
	0.00414624781504955	0.987770284539883	-4.93271758173103e-05	17.1793038675746	-7.05674308076397
	0.00414674179469173	0.987778562563929	-5.26046234392167e-05	16.3607008952498	-6.24969180410924
	0.00414732040168625	0.987787790556651	-5.60033923340065e-05	15.5611655908938	-5.53127660008627
	0.00414799865765018	0.987798073083559	-5.95280942727152e-05	14.7838547870194	-4.89143778200542
	0.00414879445075897	0.98780952865258	-6.31833645765189e-05	14.0307166899363	-4.32116545696063
	0.00414972883628661	0.987822287645704	-6.69725127240339e-05	13.3030076118215	-3.81259891175635
	0.00415082626771059	0.987836489175683	-7.0896255226701e-05	12.6016311211843	-3.35896477958807
	0.00415211557586605	0.987852287057191	-7.49541092879499e-05	11.9269269952073	-2.95420344286138
	0.00415363080471824	0.98786985149145	-7.91441420262904e-05	11.2787943437924	-2.59290674930956
	0.00415541118644608	0.987889359884032	-8.34602937518086e-05	10.6571192397211	-2.27042158218048
	0.00415750313615443	0.987911009691117	-8.78949776514031e-05	10.0613564282782	-1.98250399126715
	0.00415996071670516	0.98793501136735	-9.2436807522824e-05	9.49085696405336	-1.72541516897651
	0.00416284701230037	0.987961589932749	-9.70704326645741e-05	8.94483964437423	-1.49582829318736
	0.00416623528305283	0.987990982338585	-0.000101775543779306	8.42245685437072	-1.29079460329163
	0.00417021036833858	0.988023435511591	-0.000106526122406437	7.92280910575653	-1.10769427643675
	0.00417487058698427	0.988059206325861	-0.000111289974385132	7.44492179399613	-0.944183896341264
	0.00418032943140874	0.98809855728435	-0.000116027619340923	6.98778177368899	-0.798174127590452
	0.00418671517404342	0.988141736631622	-0.000120689717103072	6.55049400863884	-0.667843562111355
	0.00419417595041118	0.988188995634294	-0.000125219007500342	6.13200678491366	-0.551523948906952
	0.00420287682080828	0.988240549673565	-0.000129546252184762	5.73141121398354	-0.447766065171058
	0.00421300206659636	0.988296576918475	-0.000133591009517453	5.34779872279147	-0.355272893663523
	0.00422475572329697	0.988357204633673	-0.000137261281383187	4.98025283614927	-0.272881062132191
	0.00423835201789111	0.988422449096973	-0.000140451510717863	4.62807105260528	-0.199591532478981
	0.00425401424726715	0.988492212073279	-0.000143045902683252	4.29058365882749	-0.13450762497049
	0.00427194588007561	0.988566167648419	-0.000144919236738771	3.96751568509254	-0.0768854035429886
	0.00429230413458846	0.988643709629379	-0.000145945851101898	3.65893927209533	-0.0260917230590029
	0.00431510439544705	0.988723704900967	-0.000146013823879271	3.36596589681609	0.0183216494094608
	0.00433999803652039	0.988804001944844	-0.000145063958500223	3.09206568187585	0.0565052081340606
	0.00436819867696182	0.988887331861802	-0.000142968831847421	2.82415811593357	0.0907493382104331
	0.00440274771160847	0.988979886223799	-0.000139241215922291	2.54072371540374	0.123653898569665
	0.00444459330870393	0.989079863491431	-0.000133395560550913	2.24501484701357	0.154359637035281
	0.00449515570719767	0.989185396294077	-0.000124846707671447	1.93685256306751	0.182442621955949
	0.004555301930422	0.989292108910335	-0.00011308905422789	1.6188829972598	0.207254066548677
	0.00462456176749543	0.989392872159446	-9.79745589229173e-05	1.29736103450207	0.228066568721095
	0.00470392491567925	0.989482546557627	-7.91635285454979e-05	0.968111181439368	0.244949547317022
	0.00479420027319788	0.989554302993049	-5.64283753329274e-05	0.626076437606741	0.257767769636977
	0.00489590484819107	0.989599440775038	-2.97391127618489e-05	0.264420296117324	0.266114044931655
	0.00500942756726401	0.989607156906026	7.01962637269033e-07	-0.127968434564788	0.269134523858145
	0.00511990416426314	0.989571741690105	3.03169841833323e-05	-0.515591471363638	0.26595545001212
	0.00521846968601071	0.989503110932094	5.61558355838378e-05	-0.881546591752093	0.257321329167672
	0.00530551362677267	0.98941125867033	7.80115744410548e-05	-1.23507358808654	0.243763422054415
	0.00538119298907197	0.989305002242471	9.58158965490941e-05	-1.58034130795152	0.225546988811841
	0.0054464534009474	0.989190994602232	0.000109832951698832	-1.92193615190236	0.202657440723362
	0.00550237119580474	0.989074230392378	0.000120432604637721	-2.26357881560601	0.174893529866378
	0.00554982257475888	0.988958916719017	0.000127995215322042	-2.60666720813945	0.142080119495604
	0.00558758294060163	0.988854532656866	0.000132720697131439	-2.93139808264069	0.106442796405969
	0.00561865001880188	0.988758674016278	0.000135447830245244	-3.24877430387466	0.0672841070250859
	0.00564408819042562	0.988672220940779	0.000136647008945142	-3.55701584593189	0.0251331078350068
	0.00566468441686257	0.98859600873774	0.000136729299844094	-3.8515194857927	-0.0189529951907984
	0.00568274894593029	0.988523759952963	0.000135958247128237	-4.1558866164557	-0.068455147119464
	0.00570119495044663	0.988443771518832	0.000134114361844423	-4.52939043736991	-0.134711151078345
	0.00571528715689551	0.988377577839954	0.00013176540938509	-4.87559138997824	-0.2015876593348
	0.00572808885537422	0.988312805793588	0.000128698566829103	-5.25626028484172	-0.281244397870057
	0.00573908497353545	0.988252884988362	0.000125131425494984	-5.65575502215989	-0.371805065866655
	0.00574849923360599	0.988197732954798	0.000121169761882508	-6.07537389530805	-0.474696835732412
	0.00575652788853524	0.988147248910265	0.000116912389799128	-6.51597444372834	-0.591413364868791
	0.00576335485551433	0.988101241267283	0.000112445019448119	-6.97858427143892	-0.723673460658501
	0.00576914657107318	0.988059466903115	0.000107840929090909	-7.46430738968662	-0.873434081662077
	0.00577405079008371	0.988021654773522	0.000103161952483852	-7.97427135351212	-1.04291217676105
	0.00577819708861802	0.987987521379718	9.84596038304488e-05	-8.50958869845383	-1.23461186436954
	0.00578169846605615	0.98795677823635	9.37757457424848e-05	-9.07138234262497	-1.45137987017526
	0.00578465207977565	0.987929146263395	8.91447355379147e-05	-9.66063430909799	-1.69640032820932
	0.00578714201384249	0.987904350798764	8.45928996257311e-05	-10.278348106833	-1.97332029436695
	0.00578924007503168	0.987882131996419	8.01405190159832e-05	-10.9254001325734	-2.28626901857991
	0.00579100691282358	0.987862252168216	7.58040117096624e-05	-11.6022827504705	-2.63981036782821
	0.00579249482341145	0.987844481701091	7.15935926529265e-05	-12.309508760658	-3.03924505382183
	0.0057937477963888	0.987828612491479	6.75166261092911e-05	-13.0471445103287	-3.49050264971896
	0.00579480309109949	0.987814453022732	6.357727384504e-05	-13.8148497245431	-4.00030136736718
	0.00579569221466355	0.987801827849459	5.97769602979746e-05	-14.6117688796838	-4.57626996580012
	0.00579644163638332	0.987790578971979	5.61154655655252e-05	-15.4362283227287	-5.22696123397541
	0.00579707383243108	0.987780560522112	5.25898858228511e-05	-16.2858379004996	-5.96222493651771
	0.00579760766823119	0.987771641414931	4.91959777980603e-05	-17.1570153885193	-6.79323492335929
	0.00579805896092804	0.987763704381528	4.59285094049534e-05	-18.0445898337881	-7.73261599538145
	0.0057984410158425	0.987756643926089	4.27810889257377e-05	-18.9414184571114	-8.79470716646311
	0.00579876519705202	0.987750361896788	3.9744517167072e-05	-19.838303339756	-9.99654259167984
	0.00579904088161454	0.987744773725868	3.68099798641956e-05	-20.7222454951614	-11.3571587814756
	0.00579927617392634	0.987739799281463	3.39647782213655e-05	-21.5764785448849	-12.8999324786235
	0.00579947782155809	0.987735368566019	3.11951082548069e-05	-22.3777657621489	-14.6522522275889
	0.00579965164920564	0.98773141640427	2.84826446626193e-05	-23.0943822212129	-16.6485442675476
	0.00579980280529381	0.987727880176641	2.58011726556989e-05	-23.6815923175236	-18.9351628819615
	0.00579993612260228	0.987724694793192	2.31082573462454e-05	-24.0723141845153	-21.5824434559519
	0.00580005045731711	0.987721934289711	2.04791307587607e-05	-24.1590885687364	-24.5316202785217
	0.00580014661241354	0.987719622217264	1.79746365822553e-05	-23.8503607089161	-27.67766335076
	0.00580022832752078	0.987717700901439	1.5583100197501e-05	-23.0692629800267	-30.9570945084404
	0.00580029846358472	0.987716124691237	1.32983937177419e-05	-21.7523382132782	-34.2708787942857
	0.00580036001274611	0.98771484038598	1.10902186130989e-05	-19.8381965395139	-37.5287168037873
	0.005800415608673	0.987713804887791	8.91782220269832e-06	-17.2590519620211	-40.6289490103392
	0.00580047163761332	0.98771293419687	6.55554804118522e-06	-13.6375030360482	-43.6464726199473
	0.00580052050178513	0.987712363717653	4.36626458968892e-06	-9.57510751782758	-45.8657014345275
	0.00580057003667825	0.987712007214681	2.05353312583552e-06	-4.71601116486945	-47.356019514879
	0.00580061957157137	0.987711903374279	-3.07661297484361e-07	0.553811347490048	-47.7861489854949
	0.0058006600969891	0.987712013179227	-2.23643971351821e-06	4.83409304032847	-47.276201959403
	0.0058007016968217	0.987712300514991	-4.179458592396e-06	8.90668379676916	-46.0293153235166
	0.00580074805106989	0.987712807073311	-6.2681262401467e-06	12.8279350395827	-43.9986879109377
	0.0058008034154747	0.987713624582987	-8.62486683609116e-06	16.5243716570157	-41.0825875766175
	0.00580085802623542	0.987714603560682	-1.07859376756072e-05	19.1772480719865	-38.0643231281308
	0.00580091373484854	0.987715727527781	-1.28230129501077e-05	21.0521306714856	-35.10268982539
	0.00580097431049998	0.987717046129972	-1.4858699396236e-05	22.3795297788216	-32.1638551139652
	0.00580104198524443	0.98771859317085	-1.69354963287645e-05	23.2531920859058	-29.282847250411
	0.00580111895950822	0.987720404506537	-1.90791699197899e-05	23.7396298534962	-26.4976262098971
	0.00580120761491447	0.98772251847674	-2.13067134433228e-05	23.8956324942514	-23.843171939829
	0.00580131034335984	0.987724969015976	-2.36235295702761e-05	23.7748130437147	-21.3543640445688
	0.00580142984236296	0.987727790929856	-2.60324612851825e-05	23.4300092003821	-19.0539625454716
	0.0058015693914096	0.987731025110794	-2.85385048331498e-05	22.9100794303775	-16.950234817324
	0.00580173241222096	0.987734707045434	-3.11399003881021e-05	22.2598501977791	-15.0471866956943
	0.00580192301580083	0.987738878445449	-3.38378412422192e-05	21.5174129221147	-13.3383522640136
	0.00580214609919191	0.987743587505397	-3.66353699819253e-05	20.713670509793	-11.8114781581926
	0.00580240437437876	0.987748827721389	-3.95042837762455e-05	19.8822840759575	-10.4656363907601
	0.00580270423090174	0.987754660140357	-4.24560768588352e-05	19.0394227871563	-9.27650566597034
	0.00580305316955686	0.987761152821215	-4.55009532279683e-05	18.196688417272	-8.22364719495509
	0.00580346048799593	0.987768389797937	-4.86515279289544e-05	17.3615318938745	-7.28881663161386
	0.00580393670946967	0.987776456394111	-5.19157035665929e-05	16.5401666802342	-6.45777025522507
	0.00580449441447189	0.987785450077127	-5.53015205634545e-05	15.7368333137016	-5.71801129865034
	0.0058051478808227	0.987795470169769	-5.88129939790128e-05	14.9551927893893	-5.05933569618893
	0.00580591481675163	0.987806639733937	-6.24576493455211e-05	14.1968821304363	-4.47201489041862
	0.00580681469263574	0.987819074708243	-6.62355858805779e-05	13.4640886097629	-3.94852522511661
	0.00580787199817398	0.987832924246114	-7.01520802748059e-05	12.7570708602334	-3.48132133034515
	0.0058091139180646	0.98784833094009	-7.42049091153189e-05	12.0767326769545	-3.06448303944152
	0.00581057313169814	0.987865460496744	-7.83927635401053e-05	11.4230544436307	-2.69242553533789
	0.00581228845295239	0.987884498336081	-8.27131144836927e-05	10.7955943726428	-2.36014468796741
	0.00581430456580948	0.987905636428952	-8.71585986776688e-05	10.1940170439237	-2.06337897682029
	0.00581667267520608	0.987929071701133	-9.17168573303443e-05	9.61799961587892	-1.79841871365754
	0.00581945438125763	0.987955033069808	-9.63753440607421e-05	9.06659367009153	-1.56174246291812
	0.00582272032064923	0.987983753133507	-0.000101114971865977	8.53901358839702	-1.35033361765385
	0.00582655294702351	0.988015479951025	-0.000105911960898637	8.03432420943521	-1.16147666234274
	0.0058310475664311	0.988050469527435	-0.000110736049249374	7.55157152645574	-0.992766383998049
	0.00583631383461702	0.988088981226741	-0.000115549510770732	7.08979487233179	-0.842069102559704
	0.00584247763042833	0.988131274166461	-0.000120306418494737	6.64800966955208	-0.707481622831884
	0.00584968178370486	0.988177594193868	-0.00012495101902754	6.22527047152029	-0.587320601989279
	0.00585809006866456	0.988228180614548	-0.000129418338114628	5.82052971458472	-0.480057286301284
	0.00586788323622691	0.988283222562535	-0.000133630327790189	5.43290930178581	-0.384370145379504
	0.00587925991200745	0.988342851448562	-0.000137496710984769	5.06157561568767	-0.299084248551204
	0.0058924380578195	0.988407135168405	-0.000140915825056972	4.70565394711658	-0.223135552380639
	0.00590763938054795	0.988475995567354	-0.000143772469238252	4.36454200682699	-0.155621445994158
	0.0059250846564757	0.988549200992105	-0.000145942700833702	4.03772077019684	-0.0957369865449245
	0.00594495509472142	0.9886262378642	-0.000147297262838877	3.72512907198725	-0.0428224002393629
	0.00596733184024313	0.988706172405757	-0.000147714398757567	3.42741789032989	0.00363467646779034
	0.00599203233864612	0.988787278998993	-0.000147107581540859	3.14695307490877	0.0439070774506142
	0.0060185582817456	0.988867225063311	-0.00014547053883838	2.88689831329105	0.0782373814694324
	0.00605131832418598	0.988957133026718	-0.000142335935709019	2.60879343804404	0.111761078338673
	0.00609106215058414	0.989054890915543	-0.000137239468818071	2.31780379291158	0.143327433096049
	0.00613909661937481	0.989158760891297	-0.000129623116076444	2.01441145011452	0.172437445745609
	0.00619707938213829	0.989266152816104	-0.000118823987963327	1.69730524265534	0.198738958904527
	0.00626400801690516	0.989368809572591	-0.000104736677433268	1.37706540319109	0.221047743492212
	0.00634081755938535	0.989461800635314	-8.70108035260848e-05	1.05013748545171	0.239440630642924
	0.0064283619495455	0.989538714949653	-6.53755647388949e-05	0.71179060531353	0.253841103191386
	0.00652724336173063	0.989591329503652	-3.97291920560368e-05	0.355718763918107	0.263930472854062
	0.00663383539695967	0.989609482707155	-1.12795377378349e-05	-0.0139551449606337	0.268929131541745
