	0	0.312025930624967	0	0	1.8
	0.01	0.311753498787592	0.0179934235415349	-0.0544475489721278	1.79802818453975
	0.0390851621687872	0.307905890159706	0.0699653325894267	-0.208567501253929	1.7704760792005
	0.0689873760566111	0.299472442955354	0.122099818666514	-0.352238700584724	1.71196755022039
	0.101199975461169	0.285966027627114	0.175876629626645	-0.481413743159232	1.62335197799503
	0.136456523372288	0.267012088023562	0.231123742950413	-0.587565539739937	1.50866665931843
	0.175309201203418	0.242583005044284	0.28715649263538	-0.663152086778722	1.37563720191184
	0.214161879034548	0.215959562561989	0.338078679217184	-0.70188754479429	1.24709513712599
	0.253076001837152	0.188365866375027	0.384275549983315	-0.712253701153229	1.1293394461092
	0.294707378157718	0.158885792252466	0.428925321100047	-0.700782397917614	1.0183064567805
	0.339920026386617	0.12782740239402	0.472569164890948	-0.670676931830402	0.915218871694264
	0.389866631496442	0.0954432431184535	0.515834148945638	-0.624375021412862	0.820286409247985
	0.444982274007134	0.0626453395686767	0.558602171384441	-0.564783475664941	0.734625042034346
	0.503239154737469	0.0316844717851719	0.5991827916516	-0.497798707642019	0.66105519487903
	0.564476829027834	0.00337543795247941	0.637662734653484	-0.426921117825367	0.597715021416592
	0.627899140429065	-0.021421505111634	0.673786592298863	-0.3555276817576	0.542972569807062
	0.691227347543294	-0.0417681718313771	0.706651349841546	-0.287705637153525	0.495995119989773
	0.763398915820691	-0.059894542108519	0.740709204531178	-0.215576574721421	0.448690205434539
	0.845063913831363	-0.0744095191065739	0.775340473782979	-0.141216342221993	0.400088231766369
	0.936316755993667	-0.0838602657620652	0.809503306896667	-0.0675984320728235	0.349033454256975
	1.03748628793592	-0.0870639458856358	0.842021650607507	0.00218886921368519	0.293912783386195
	1.14888341907593	-0.0832023421657874	0.871383070015991	0.0646279343687914	0.233108183131236
	1.26250155264592	-0.0729749133935369	0.894293990506924	0.112794756799568	0.169959504538033
	1.39215814559696	-0.0558058678958689	0.911569042956259	0.148651105323214	0.0962404915471797
	1.533505082584	-0.0333854692136994	0.919402257591325	0.164560891649212	0.0144282604393191
	1.68172141359033	-0.0093522244021002	0.915151261240018	0.155322605673909	-0.0717338427176857
	1.83020769250171	0.0113834982607309	0.898145574466416	0.119562743979203	-0.157057767397448
	1.97599876943679	0.0246929784468854	0.869247127935436	0.0587997453094996	-0.239083015019798
	2.09132823103148	0.0278231605211281	0.837981537824913	-0.00713517093701228	-0.303062875580648
	2.19590410601589	0.0233561660066271	0.803242105884304	-0.0804184539160436	-0.361543562134627
	2.30074121937033	0.0105217254300819	0.762163525444185	-0.166493221666287	-0.422823976818219
	2.38203911089325	-0.00601677460393677	0.725719868645571	-0.241524137617024	-0.474577748698126
	2.46489682927698	-0.0294302908572516	0.683983640776424	-0.324646068238007	-0.53434649944262
	2.54775454766072	-0.0599573626450312	0.636850544319402	-0.412841086973247	-0.605766840063693
	2.62003413195213	-0.0926343438706684	0.590383850130065	-0.491254751642879	-0.682761077947396
	2.69245925856414	-0.130977255257666	0.537556298486061	-0.566445340856322	-0.780009510373211
	2.75363225648732	-0.167360240147848	0.486790616503179	-0.621012136854175	-0.883447007926405
	2.80856746947792	-0.202501534591658	0.435232187528882	-0.655240652788668	-0.9971801343222
	2.85771131763677	-0.235050472689444	0.383340012275899	-0.665329983222632	-1.11765985875144
	2.90711642017311	-0.267570895340258	0.324773489430076	-0.64503272890759	-1.25573911446284
	2.94735422932299	-0.292668358346253	0.271826465855239	-0.597014717617032	-1.37669144078949
	2.98867282564559	-0.315690558656599	0.212364460930007	-0.510604086183194	-1.50053300920495
	3.0299914219682	-0.334286381223325	0.148011049819309	-0.382557139747283	-1.61084434594325
	3.06427534795273	-0.345141738676235	0.0915257172659676	-0.246709180881812	-1.67996190605402
	3.09946882553389	-0.35106021137515	0.0316049542062268	-0.0871616094199824	-1.71922352217958
	3.13466230311505	-0.351185349289248	-0.0290319184763079	0.0801042631924683	-1.72006610876602
	3.16985578069621	-0.345506063447861	-0.089010275279065	0.240266774686247	-1.68234581837736
	3.20504925827737	-0.334510209065682	-0.147065554511961	0.380443136336552	-1.61223295972573
	3.24110117205417	-0.318634124081441	-0.203531903782459	0.495019296859226	-1.51735007930431
	3.28031760877589	-0.297365082560654	-0.260777834808407	0.58349013867085	-1.4008954373155
	3.32112184906125	-0.272313931044916	-0.315414194624354	0.638591412635632	-1.2775666204743
	3.36168663706403	-0.245831179865679	-0.364849318412699	0.66262684253953	-1.16130645453109
	3.40420869701642	-0.217571601053994	-0.411838305392382	0.662951868212788	-1.05096611360721
	3.44979797313141	-0.187730415342376	-0.457334163528917	0.643377631792647	-0.94750162857641
	3.49952218350932	-0.156599241454544	-0.501991953365376	0.606702684243736	-0.851495830246743
	3.55441850685022	-0.12466712019404	-0.546237031111977	0.555275402058627	-0.763288348772093
	3.61534817138482	-0.0927547734967725	-0.590216483317975	0.491518395099626	-0.683052300962768
	3.68020918510683	-0.0631530761002513	-0.632179864089663	0.421153556428068	-0.613177376749783
	3.74897021436691	-0.0367418255021774	-0.672168314060658	0.347415804743052	-0.551744517358286
	3.82136971069977	-0.0143045086544574	-0.710075344923213	0.273110792688799	-0.496765891884859
	3.89666394831149	0.0035053551567759	-0.74555247791636	0.200904269607345	-0.446520774692311
	3.9731440654493	0.0162579502251455	-0.777900063102762	0.133648610121626	-0.399953353036018
	4.05023617445657	0.0241597407802012	-0.80701167090534	0.0724770398697111	-0.355591928282718
	4.13743125986897	0.0277590062869054	-0.835887055591159	0.0115561501387493	-0.30687197139875
	4.23312659120061	0.026070791056957	-0.862715550781844	-0.0450395200478742	-0.253822044331791
	4.33616334740648	0.0188068353747751	-0.885908890232986	-0.0938556705620615	-0.196245496056322
	4.44909399491727	0.00586373330227021	-0.90446122194202	-0.132826060730103	-0.132131267277011
	4.57162820544429	-0.0121275878751671	-0.916331518638169	-0.157821179646383	-0.0614589410272265
	4.7018590463682	-0.0333421480391723	-0.919406035858675	-0.164567986650887	0.0142751420205267
	4.85104825899334	-0.0569267227730531	-0.910823138846879	-0.147115263061374	0.100592655215511
	4.99881248135639	-0.0757516736059892	-0.889743223273385	-0.103274477435864	0.18435779680314
	5.13047396010178	-0.0855403644974074	-0.86066466562468	-0.0419148728680268	0.257073466092533
	5.24637895993002	-0.0864158533899884	-0.827211906184627	0.0295316959792327	0.320123498244862
	5.36258946045953	-0.0780270601671636	-0.786309460403365	0.117576747403006	0.384186051750621
	5.46539555226286	-0.0613452436377235	-0.743760596950489	0.209053650534771	0.444460823600655
	5.55822484420193	-0.0376909406797307	-0.699727296951743	0.302170491110698	0.505732815225395
	5.63774499965985	-0.0102499118061311	-0.65712130084145	0.38895156009241	0.567737886117007
	5.70500545490659	0.0184889458235748	-0.616869739565013	0.46599323568136	0.631218940527141
	5.77236758113474	0.0525119158697478	-0.571800717966134	0.544002304753591	0.709886342262798
	5.83972970736289	0.091696243782019	-0.520750238112763	0.618178263348478	0.810014414327007
	5.89747446236758	0.129013823756266	-0.470948606683287	0.672106440579923	0.918924776474565
	5.94886053214695	0.164465103389354	-0.420760576483731	0.704394250498769	1.03826309499957
	5.99470206114962	0.197018191236483	-0.370339718379823	0.711567535431556	1.16471580389896
	6.04085990179769	0.229436589222552	-0.313284349399684	0.686632971563724	1.31018054942611
	6.07814145085592	0.254150766437859	-0.262094924181365	0.633536934224419	1.43668894076997
	6.11652365700658	0.276808128775432	-0.204438498276369	0.539986852687607	1.56659726738877
	6.15490586315723	0.295039548188073	-0.142016947125789	0.402696014598109	1.68221219193197
	6.18668971281573	0.305605873743559	-0.0873317733548924	0.258018730790973	1.75426648281772
	6.21933487680561	0.311303622761731	-0.0292981114302906	0.088500129408756	1.79477817783918
	6.2519800407955	0.311298289815129	0.0294060652219793	-0.0888243771654889	1.79473969667948
	6.28462520478538	0.305590345272527	0.0874372882714027	-0.258314869032498	1.75415769651253
	6.31727036877526	0.294666724855008	0.143565907210425	-0.40649847845364	1.67974011581583
	6.35085403112473	0.278878852098257	0.198340185887125	-0.528124406498505	1.5792050752845
	6.38747001419836	0.257695029405198	0.253932532050174	-0.622413437217482	1.45607999683844
	6.42536563092198	0.232876885074018	0.306653099556656	-0.681392881586184	1.32692341007395
	6.46318558526733	0.206510734244581	0.354502452027244	-0.708240714071472	1.20512342582799
	6.50296394108286	0.178217929523455	0.400094437042443	-0.710536365095053	1.08952097014958
	6.54575086427578	0.148146144203877	0.444334713741795	-0.692191531606706	0.981174806566154
	6.59253293194241	0.116557270073234	0.487819611730841	-0.656112364609255	0.880856310083085
	6.64433882973702	0.0838609847311001	0.530993601966159	-0.604698768365111	0.78896338257787
	6.70054205269604	0.051613235249738	0.572973695563215	-0.542106124188107	0.707726155762021
	6.75988303047896	0.0214791042316103	0.612829959740408	-0.473380983211646	0.637921120149172
	6.82201618807211	-0.00570495005592113	0.650538767265323	-0.401933328298429	0.57774147795259
	6.88580351714504	-0.0290700588090719	0.685688541370137	-0.33122573711113	0.525715934293917
	6.95129581275353	-0.0484922656911935	0.718569356465017	-0.262630921621878	0.479366775399111
	7.02691162655046	-0.0655374710461442	0.752982102516021	-0.189298863359269	0.431642604230656
	7.11193893314915	-0.078407529483164	0.7875641239634	-0.11487210656119	0.382342684322178
	7.20667001671581	-0.0857631336309826	0.821293586820403	-0.0422399083489177	0.33003805689546
	7.31143513812946	-0.0865301858774242	0.85288573462606	0.0253703161938048	0.273076408078783
	7.42607399233986	-0.0801050257057206	0.880595619626134	0.0840639823335167	0.210166213547188
	7.5462794724554	-0.0671547173376704	0.901824199219437	0.128487083069781	0.142777152089843
	7.6809061643998	-0.0476602200564346	0.915868925680912	0.157464622589273	0.0656182643443165
	7.82555118846491	-0.0240941595947508	0.919290227229776	0.164168171289418	-0.0184025842910374
	7.9747531272387	-0.000723819458392172	0.910080494426687	0.144635685037049	-0.10490280000441
	8.12259872623855	0.0176025262615514	0.88831657977107	0.0989159411292884	-0.189207863123005
	8.2490235118424	0.0265295101150869	0.859917116729624	0.0391412038511959	-0.259871041393972
	8.37564018294543	0.0266951548707225	0.82256890858559	-0.0396665990077061	-0.33012809410412
	8.47320708847629	0.0193295656608123	0.787678831691125	-0.113148109248971	-0.385415698147257
	8.57406916189145	0.00361003568725434	0.745785322690132	-0.200424119912317	-0.44619052642565
	8.64985583101818	-0.0142965246950168	0.710089863159166	-0.273081697144087	-0.496745218608566
	8.72689863718167	-0.0383560591597562	0.669613766268359	-0.352285975469171	-0.555545123482062
	8.80319559371252	-0.0683502721510236	0.624656776820701	-0.434355207305192	-0.625259617528434
	8.87949255024337	-0.10464540324603	0.573766817134351	-0.51668936992495	-0.712191567721355
	8.94676815505606	-0.141727949131692	0.522714225850696	-0.584353970737321	-0.809268271281323
	9.00665066612377	-0.178273733660007	0.471136428266386	-0.633803755657009	-0.917155106199381
	9.05966954347526	-0.212688266376918	0.4195249237554	-0.660980579674456	-1.03317668149168
	9.10731052664107	-0.244334552321489	0.367464107187884	-0.663214908161205	-1.15512670410655
	9.15515126504226	-0.27550637594936	0.308965444068425	-0.633639094191685	-1.29251974998921
	9.1950126834074	-0.299727985431745	0.25504322427162	-0.576004285238995	-1.41327146014657
	9.23568886465563	-0.321331584955568	0.195089601176292	-0.479499058050956	-1.53296830373539
	9.27636504590386	-0.338185074644608	0.130567411957883	-0.342604858861331	-1.63524834271201
	9.31019797674102	-0.347451200446916	0.0741494685266671	-0.201662560680029	-1.69514610846458
	9.34486225190346	-0.351685867390218	0.0147918804664501	-0.0408923921098398	-1.72344145972171
	9.3795265270659	-0.350244909132594	-0.0448927536191995	0.12341819334144	-1.71374664021376
	9.41419080222834	-0.343252074588186	-0.103597018169157	0.277215516071916	-1.6676652946461
	9.44885507739078	-0.331280165557594	-0.160170519677738	0.409188926710727	-1.59233877013524
	9.48554910478355	-0.314164220363024	-0.216804000361307	0.518180128643366	-1.49190434443878
	9.52565517763605	-0.291618353617519	-0.274237376684194	0.599807454019186	-1.37135123909604
	9.56606675962763	-0.266325531950382	-0.327189615175349	0.646551949491837	-1.2500835466418
	9.60695641870836	-0.23943109253847	-0.375920501291088	0.664651633460323	-1.13515424869516
	9.65010511136026	-0.210777682343191	-0.422503446264605	0.660067681285858	-1.02631224748141
	9.69653421192898	-0.180621750973425	-0.467731741392398	0.63631623580248	-0.924588451445847
	9.74738270079279	-0.149242243827485	-0.51227807080297	0.596007705034099	-0.830338240622726
	9.80359944769562	-0.117234127239269	-0.556450496619346	0.541505498469469	-0.743988553444987
	9.86552805729429	-0.0857161247817053	-0.600032654150121	0.47581061809671	-0.666147518088446
	9.93128772953267	-0.0567751988929265	-0.641539154777823	0.40441061665572	-0.598395357757227
	10.0009212541609	-0.0312106583416322	-0.681066986773915	0.330302893031619	-0.538615137433874
	10.0740747678517	-0.00978482360140426	-0.718456803240448	0.256244322503613	-0.484860317668598
	10.1498464984116	0.00689134269800628	-0.753294306700935	0.184904567879628	-0.435515994187131
	10.2261405557474	0.0184539988178682	-0.784758450929037	0.119276574960742	-0.389789203548959
	10.3057620668419	0.0254550925821271	-0.813975813638153	0.0577954020263886	-0.344386324563168
	10.3950641234019	0.0278585551635371	-0.842505667422183	-0.00241351740563015	-0.294672685933027
	10.4926350623512	0.0248453528762104	-0.868618594446815	-0.0574760175427158	-0.240542453266769
	10.5973638837793	0.0162750849157138	-0.890743233048191	-0.104014841675798	-0.181824496181917
	10.712693049296	0.00204416345214983	-0.907932886253382	-0.1401201483724	-0.116085880933155
	10.8372734729554	-0.0169183306483188	-0.917914839243576	-0.161190317308135	-0.0440277723518172
	10.9687232677793	-0.0384635248878112	-0.91867647419758	-0.163141562868058	0.0324322924990218
	11.1180085081392	-0.0614283376676684	-0.907389987314597	-0.140027920083437	0.118533741584315
	11.2654921456065	-0.0787663411948196	-0.883749474022998	-0.090697768357171	0.201667120806546
	11.3930619316739	-0.0864680292368022	-0.853535495400095	-0.0267540628905629	0.271777646926138
	11.5047589150168	-0.085563734244553	-0.819787339271578	0.0454766794613925	0.332517949109267
	11.6168538859001	-0.0756906483207128	-0.779051130014589	0.133221175882557	0.394748507363542
	11.7289488567834	-0.0551323386077544	-0.731105417200481	0.236052264926754	0.4619863047682
	11.8150286339426	-0.0310542396998013	-0.688855360907973	0.324706113229527	0.521176218686902
	11.8916101747652	-0.00296841939209533	-0.64662213002503	0.409592830305996	0.583758596018489
	11.9555573644528	0.025572942521143	-0.607331168522552	0.483321991870883	0.647149762843157
	12.0194595281933	0.0588237137096099	-0.563574945138697	0.55707561237099	0.725210840688745
	12.0828276429275	0.0963430860913648	-0.51465155422089	0.62583871825538	0.822773615881968
	12.1461957576617	0.137881074259861	-0.458732840500449	0.682129620335982	0.947180999331434
	12.1942223408003	0.171340204643927	-0.410531500556648	0.707978247444122	1.06351079132435
	12.2391514389757	0.203288257474145	-0.359948217252866	0.70969290246508	1.19121336158354
	12.2842897857108	0.234762264761429	-0.302960319461463	0.678262445943273	1.33621339315638
	12.3212980295394	0.258865158236824	-0.251180419371116	0.618501330904766	1.46255487134408
	12.359240458687	0.280559109006464	-0.193250632585199	0.51795179238619	1.58953109147296
	12.3971828878346	0.297624451568731	-0.130772859597186	0.374558307511054	1.69948134773071
	12.4286908311056	0.307149539534796	-0.0761152343097713	0.22623393584444	1.76512434096882
	12.4609998956446	0.311739444968795	-0.0184516813685501	0.055831173428416	1.7979265440194
	12.4933089601835	0.310704490903074	0.0396272296238392	-0.119422333725012	1.79046171237002
	12.5256180247225	0.304134052391805	0.096822243497967	-0.284425485787449	1.74399419876377
	12.5579270892614	0.292570883578821	0.15197937559842	-0.426828075381287	1.66592990391182
	12.5919120595729	0.275965622843704	0.206868352458808	-0.544612963206967	1.56150444764337
	12.6290854457498	0.253932247385028	0.262590008246221	-0.634188448091932	1.43550416105221
	12.666735042819	0.22894691500907	0.314217392414261	-0.687330940097308	1.30781912684646
	12.7047659204309	0.202288867472603	0.361622221299911	-0.71007419536509	1.18694006672783
	12.7449469473378	0.173706736611298	0.406964333159546	-0.708978420092911	1.07237402210332
	12.7882727893687	0.143388937987116	0.451044309651019	-0.687742736284693	0.965244551211044
	12.8357729884167	0.111588853624198	0.494469116885004	-0.64914833213961	0.866173015430652
	12.8884244167597	0.078784709788322	0.537610085235519	-0.595596872877628	0.775621063093503
	12.9451124598827	0.0468110969351641	0.579251410181475	-0.531826352727208	0.696270411124585
	13.0049208789881	0.0170757542031066	0.618786470993618	-0.462463703332724	0.628061660104318
	13.067411879673	-0.00957718493931289	0.656140520391828	-0.390894189569185	0.569219963476016
	13.1312535837809	-0.0322716064693628	0.690816301184844	-0.320658571255649	0.518375068296752
	13.1984208029651	-0.0514452383896916	0.724037162638851	-0.251061289129757	0.471777278784758
	13.2755393807792	-0.0679206043948819	0.758542993382091	-0.177360227868611	0.423871898493304
	13.3621022869311	-0.0799908488392792	0.793062560687108	-0.103019309637157	0.374195708679533
	13.4584207292214	-0.0863528585462223	0.826544081610455	-0.030964878569159	0.321256534732965
	13.5648246259982	-0.0859889408744534	0.857650207073541	0.0355093019635833	0.263396701625053
	13.6793743739343	-0.0785513857363643	0.88422325647439	0.0916933873872778	0.200356961341984
	13.8021130375823	-0.0644995690813661	0.904593278711691	0.134235817890701	0.131298429220672
	13.9385974408022	-0.0441555378960416	0.91717588016866	0.160121859595867	0.0528473478057209
	14.08436117539	-0.0203018389511723	0.918707250512972	0.162893078052691	-0.0318906079197243
	14.2336605535823	0.0025809884247609	0.907482399081338	0.139173359945835	-0.118294473236567
	14.3812701813409	0.0197739519469526	0.883806918436523	0.0894368649991156	-0.202179036618963
	14.5050257058642	0.0272116338039357	0.854507155790397	0.0277342952953884	-0.271170768539763
	14.6166341993652	0.0264722193095324	0.82078919489786	-0.0434221202912776	-0.333124184507277
	14.7280823060734	0.0170004862701783	0.780152708593772	-0.12893145536552	-0.396630401391126
	14.8146121760303	0.00261368966141403	0.743584354352082	-0.204959996689146	-0.449310757122083
	14.8914335217543	-0.0159390987230139	0.707121512004181	-0.279021873248892	-0.500976110724142
	14.9678187650405	-0.0402354365097044	0.666661761352552	-0.357889277862986	-0.559955710776302
	15.0440738872988	-0.0706460213242816	0.621359575672204	-0.440065730048911	-0.630613446728852
	15.1203290095571	-0.107351191650566	0.570039438340004	-0.522181606675071	-0.718937995592922
	15.1870042712165	-0.144430953163063	0.518967248504909	-0.588629331868824	-0.816786586127351
	15.2462723883186	-0.180810802173549	0.467456992567077	-0.636514724260701	-0.925189829935507
	15.2988682373523	-0.215050687111276	0.415819871566406	-0.662000224610198	-1.04173847950159
	15.346171500093	-0.246477756788468	0.363714594826356	-0.662350453121194	-1.16398854208356
	15.3936596815323	-0.277327538313789	0.305229235715288	-0.630578283729489	-1.30114594463707
	15.4334511658705	-0.301339659301241	0.251058403650135	-0.570616809613561	-1.42179059298701
	15.4739941574723	-0.322605258940946	0.190974469769355	-0.471717523501326	-1.54041268484504
	15.5145371490741	-0.33904442582707	0.12639921459688	-0.33277245122537	-1.64068992346248
	15.5482705550722	-0.347930957225372	0.0700005922881672	-0.190732086066535	-1.69832212340096
	15.5828194986432	-0.351768220953736	0.0107758196099296	-0.0297994027094892	-1.72399763357965
	15.6173684422142	-0.349960203849997	-0.0486858117755592	0.133698924336487	-1.71183930263579
	15.6519173857852	-0.342660995279613	-0.107093783753838	0.285918423787673	-1.66384229186953
	15.6864663293562	-0.330461693111157	-0.163324565378353	0.415924069396485	-1.58734673500008
	15.7233242313148	-0.313045540161538	-0.220001480858497	0.523528367241293	-1.48561950708595
	15.7636516470684	-0.290192995917352	-0.277477683523089	0.603470962148217	-1.36414289635379
	15.8040099794208	-0.26482619455699	-0.330076759687913	0.648290030629403	-1.24331573099078
	15.8449943596201	-0.237828521663428	-0.37864908604263	0.664964156648422	-1.12871657138284
	15.8883068651004	-0.209079540885096	-0.42513774505087	0.659191423029931	-1.02025547786507
	15.9349513279826	-0.178849224936811	-0.470303245703668	0.634427624829624	-0.918970906856081
	15.9860855966807	-0.147413467475321	-0.514823809496409	0.593238418286104	-0.825161321877494
	16.0426368120611	-0.115393587517887	-0.558979425321727	0.53799435112037	-0.739272354520896
	16.1047775259578	-0.083999804496827	-0.602438077577358	0.471887182672199	-0.662058978034262
	16.1707599224665	-0.0552283085299244	-0.643832971315005	0.400255619394109	-0.594812999951648
	16.240606202428	-0.029879008777761	-0.683245969369385	0.32607892799781	-0.535424586491251
	16.313939135092	-0.00870790302545397	-0.720504992779934	0.252102611586384	-0.481958182416561
	16.3898137513978	0.00768532228696102	-0.755178552365718	0.181000027948835	-0.432828395486612
	16.4660212424617	0.0189539346734379	-0.786411084172179	0.115809088512802	-0.387317836369976
	16.5462392086262	0.0257268648132787	-0.815639404602459	0.0542866677862166	-0.341665476925045
	16.6360382603636	0.0278367891141567	-0.844073289879346	-0.00572182184057182	-0.291710366966365
	16.7340486380351	0.0245043408916988	-0.87000109710492	-0.0603875279951119	-0.237319901662306
	16.8394167269774	0.0155989063028328	-0.891899870988628	-0.106444780396913	-0.178192071940396
	16.9553143861517	0.00105826822185863	-0.908730725919677	-0.141797271299992	-0.112064773351653
	17.0803839895531	-0.0181270936604679	-0.91822803126751	-0.161861125696565	-0.0396780649257176
	17.2120753228568	-0.0397217239190148	-0.918408618929227	-0.162606931765395	0.0369180111004387
	17.361331979732	-0.0624986550987342	-0.906460832234125	-0.138105282476501	0.122927073799722
	17.5086917298884	-0.0794408867484825	-0.882206485811399	-0.0874535961948065	0.205872180683263
	17.6352337646235	-0.0866306726837291	-0.851745200687537	-0.0229406372028172	0.275340648828188
	17.7458565343652	-0.0853042433767779	-0.817960222386158	0.049404193662376	0.3355039716118
	17.8568861171092	-0.0750955625200551	-0.777306787722354	0.136979932605916	0.397263311797189
	17.9679156998532	-0.054338567553798	-0.729559061706957	0.23934061156754	0.464127146323006
	18.0536876731216	-0.0300649024479818	-0.687271901838885	0.327968685182775	0.523443621781269
	18.1298155553822	-0.00190871036064301	-0.645114203529877	0.412528409594854	0.586088579353983
	18.1932670944077	0.0265819024944097	-0.605981203962632	0.485741727728122	0.649434366928713
	18.2566434755135	0.0596922085903005	-0.562444453495812	0.558841048325648	0.727341070212743
	18.3199465227135	0.0972776459999676	-0.513422461532391	0.627348766634753	0.825365252860565
	18.3832495699134	0.138854814881213	-0.45737950180005	0.683157098522829	0.950345330496444
	18.4310848971582	0.172214916066558	-0.409215868199904	0.708362269671382	1.06677635143475
	18.4758928517082	0.204078694479096	-0.358619284506378	0.709368435054005	1.19460675980757
	18.5209037295264	0.235430840795899	-0.301640433312745	0.677106722082763	1.33952741482206
	18.5578810931728	0.259455282161882	-0.249781121233898	0.616481154214556	1.46583419684359
	18.5957711099806	0.281025640971219	-0.191813561703442	0.515035178251584	1.59241349395138
	18.6336611267884	0.297941577911365	-0.129325941446765	0.370871039578801	1.70161569833291
	18.6651351945702	0.307332681145683	-0.0746726371816302	0.222104317663569	1.76641828663255
	18.6974032719678	0.311781134503387	-0.017056388977308	0.0516176678977657	1.79822808582304
	18.7068821490752	0.312025930182373	-1.16202905522771e-08	4.11414059781762e-08	1.8000000024662
