	0	0.800527471817359	0	0	0.35
	0.01	0.800545261353977	0.00349972326996912	0.00355764346528497	0.3499169849647
	0.055	0.801064441782532	0.0192040553550949	0.0194825667433846	0.347497536239787
	0.152565351683749	0.80459879887062	0.0524310257834473	0.0524802235128375	0.331190767702589
	0.254426501262857	0.811526789899114	0.0846864962340557	0.0826484305644469	0.299974546004857
	0.358372157929194	0.821452313388757	0.113700707144927	0.107180790513277	0.25667412844675
	0.473745520414854	0.834991621935092	0.140090583126007	0.126004602492735	0.19957440358563
	0.596472814000509	0.851169990041757	0.160539922162362	0.135880713518284	0.133018586692701
	0.723520750975867	0.868491989180465	0.17292153259371	0.134891056548767	0.0617636840442256
	0.848683107784043	0.884726250442829	0.176268870813652	0.122653095187289	-0.00804565468123074
	0.973686131277551	0.898714083541947	0.171002411297222	0.0993152437275706	-0.0758260164696658
	1.07924026800345	0.907782489349879	0.160058158169964	0.0712947939266862	-0.131310088924745
	1.16928962740328	0.912919220504259	0.146131978076447	0.0420650442561833	-0.177979027026652
	1.24084925441931	0.915016236416449	0.132058560233166	0.0162719255507993	-0.215512597762209
	1.29629809964275	0.915347536847293	0.119279938701415	-0.00431120642213935	-0.245613985772033
	1.34163558069908	0.914778752278587	0.107564761554477	-0.0206137374902176	-0.271397730537181
	1.38798539013804	0.91346689832344	0.0943463651603098	-0.0355822306458787	-0.299256185844853
	1.42623116585148	0.911908459225701	0.0824405775433198	-0.0454194507053279	-0.323527585497751
	1.46540791973104	0.90999178216009	0.0692617212936592	-0.0516400188456098	-0.349384467534207
	1.49734874869113	0.90831538579869	0.0577618413993089	-0.052621949536713	-0.370644540714539
	1.53024811959816	0.906633346578626	0.0452181487123092	-0.0487324446760194	-0.391630117660005
	1.56314749050519	0.905170569388845	0.0320215858476184	-0.0392454206461388	-0.409996708913721
	1.59604686141222	0.904109994577625	0.0182939013209805	-0.0244295287677104	-0.423528825313935
	1.6287205325684	0.90360594962454	0.00432803237640899	-0.00600948304800522	-0.430050015394658
	1.65726064822601	0.903677555056608	-0.00794738326888615	0.0109746840569492	-0.429119597559092
	1.68661454191604	0.904241374779675	-0.0204515913919815	0.0270298863312778	-0.421839394893561
	1.7154936541649	0.905213342192848	-0.0324658556082884	0.0396477856313992	-0.409455538452485
	1.7492764026975	0.90672962074	-0.0459875729989656	0.049119403956149	-0.390428587613266
	1.78428444972095	0.908530156934593	-0.0592672411721105	0.0527393567788122	-0.367953184606421
	1.81929249674439	0.910358043450689	-0.0717405581748916	0.0508724530587471	-0.344621585513517
	1.85430054376784	0.912042612269068	-0.08340016194909	0.0447676646061632	-0.321599772973783
	1.89019468379788	0.913489017517194	-0.0945327524867498	0.0353992543277087	-0.298870301113852
	1.92927395862875	0.914634110064963	-0.105747773843761	0.0228993322383049	-0.275292237776471
	1.97201422737965	0.915291963237136	-0.116985557756282	0.00770775120885366	-0.25077078356127
	2.0187227358698	0.915248908124768	-0.128096172861626	-0.00959655069366796	-0.225141789708041
	2.06905259391323	0.914297470400271	-0.138752326427419	-0.028130166717514	-0.198428268932794
	2.12744599390817	0.912049090645726	-0.149450004257147	-0.0486451962750484	-0.168034756553349
	2.19917571050696	0.907721126665308	-0.160170780318116	-0.0715516597889234	-0.130863493269803
	2.28614024727244	0.900438149100845	-0.169574378200343	-0.0951240684743607	-0.0852487112525126
	2.38977370778012	0.88940596462726	-0.175534234947615	-0.116537169811874	-0.0294961255460125
	2.5076172677746	0.874684427954118	-0.17518361334715	-0.1316594336504	0.0357199756255146
	2.63336777429829	0.857683346817901	-0.166252040198368	-0.136854137004231	0.106361764826203
	2.76048766255829	0.84055698787195	-0.148240458641048	-0.130697419821823	0.1765496717477
	2.8876075508183	0.82493414132773	-0.121572763978912	-0.113235813258638	0.241806554819956
	2.99556177765373	0.813905184015518	-0.0928132149209124	-0.0898187846206566	0.289459968198951
	3.1064380250585	0.805627303221394	-0.058532950065819	-0.0583634159787205	0.326496609815932
	3.19837803928142	0.801637680424997	-0.027575815441195	-0.0279138778470051	0.344833530336762
	3.29236328740891	0.800566468696361	0.00518135946345994	0.00526667623996485	0.34981803113798
	3.3847331156629	0.802553872169538	0.0371737563237024	0.0374975347578504	0.340591459700133
	3.48124438736163	0.80769130470363	0.0690179420403536	0.0682963981617867	0.317141695140491
	3.58251808364057	0.816033093687256	0.0993548261950065	0.0954340018238651	0.280130939188633
	3.69082782923799	0.827622805462075	0.127079963985951	0.117274175347135	0.230421074342946
	3.81718283700227	0.843527471627001	0.152085294577112	0.132620867589948	0.164329423203417
	3.94924647736463	0.861445769443739	0.168964758547413	0.136681193986276	0.0909165078645623
	4.081310117727	0.879082423712578	0.176072053410035	0.128335097820803	0.0168463818954649
	4.21337375808936	0.894794174495252	0.173490495097493	0.107542866810421	-0.0555414417476817
	4.3281171824746	0.905617112010298	0.163610009152041	0.079622894246603	-0.11636608476311
	4.42067292191798	0.911700576237215	0.15061269540196	0.05100120627457	-0.164412377658131
	4.49896816840856	0.914630260224274	0.136147431646461	0.02342879987353	-0.205215236612751
	4.55855322739318	0.91537022120171	0.122973542130828	0.00135323132511262	-0.237175628459941
	4.60491000845338	0.91503747491774	0.111381799246797	-0.0155927580943765	-0.263134817816591
	4.65261631846367	0.913901799987757	0.0981630668309127	-0.0316685698834006	-0.291317391623094
	4.69203857643245	0.912426586611783	0.0861972285076773	-0.0427222669376807	-0.315950895472692
	4.73237528741991	0.9105326095101	0.0729241316049354	-0.05043847650508	-0.342329065107699
	4.76495286249125	0.908840260498601	0.0614180195924535	-0.0527774088181517	-0.364055287586106
	4.7985885675368	0.907090375638035	0.0488014306327378	-0.0503711722972013	-0.385929953886785
	4.83222427258235	0.905516299242256	0.0354800775904507	-0.0422322496200926	-0.405631016315578
	4.86585997762791	0.904314441864484	0.0215636573620973	-0.0283352524796421	-0.420901604088688
	4.89949568267346	0.903660318714439	0.0072422945767726	-0.0100142173202279	-0.429343487936601
	4.92935922937796	0.903626388201648	-0.00560322738771142	0.00776797475167098	-0.429784361653383
	4.95987544273063	0.904129922845484	-0.0186362824670697	0.0248478794069523	-0.423272368424045
	4.9903916560833	0.905109248431392	-0.0313754285898794	0.0386506524199767	-0.410773175718076
	5.02300286888839	0.90654293549793	-0.0444876188454308	0.0483474687067212	-0.392759064603362
	5.05866936528214	0.908363001724848	-0.0580968042094149	0.0526545846026775	-0.370048441952108
	5.09433586167589	0.910229815549227	-0.0708722638258734	0.0511632288798869	-0.346296038458028
	5.13000235806965	0.911959196281871	-0.0828024793377529	0.0451767011158056	-0.322801152533384
	5.16571843201299	0.91341645294745	-0.0939238483511829	0.0359938986468853	-0.300130270221253
	5.20461292630094	0.914582497148657	-0.105135769126634	0.0236536211323515	-0.276598799623927
	5.24714292078854	0.915272182917739	-0.116375002417468	0.00859550549036065	-0.252133133326314
	5.29363481611281	0.915273002530981	-0.127498848143692	-0.00861262771126119	-0.226567403160851
	5.34380152778059	0.914375044103803	-0.138193095636821	-0.0271114494233813	-0.199901776008263
	5.40150288550772	0.912217287666589	-0.148858723662354	-0.0474572633931723	-0.169847949495427
	5.47247568576682	0.908023019030131	-0.159609008192194	-0.070274521471345	-0.13307571937755
	5.55855697060404	0.90092390459328	-0.169129195116437	-0.0938690736641113	-0.0879717748145552
	5.66130324183588	0.890105279393804	-0.175346549538227	-0.115497792862287	-0.0327833751554191
	5.77852062432536	0.875558513064827	-0.175408900495284	-0.131069898480898	0.0319983029842875
	5.90401838259736	0.858628579373042	-0.166973230900027	-0.136861191067351	0.10248669480931
	6.03120832884146	0.841452649129464	-0.149434797826517	-0.131317958930136	0.17286093747097
	6.15839827508556	0.825704480252579	-0.123197830430417	-0.114445489918373	0.2385366166865
	6.26654784546331	0.814500840517285	-0.0947066391995497	-0.0914589876409284	0.286841569159757
	6.37804932163839	0.805979909324737	-0.0604694418232973	-0.0602152704423897	0.324892686514583
	6.47005959606656	0.801807754469523	-0.0295995652058208	-0.0299425850657298	0.344045015537494
	6.5642600092057	0.800542485476472	0.00320094944428893	0.00325430794702175	0.349930421357192
	6.65846042234484	0.802412919643315	0.0358681243781566	0.036200487190592	0.341243409545637
	6.75339050871709	0.807326333101099	0.0672974090739111	0.0666835514614707	0.318790366742114
	6.8544196900171	0.815497461895515	0.0977638584510838	0.094082718832189	0.282473268209494
	6.96213016875801	0.826892898456181	0.125628962653463	0.11622825412236	0.233505095602507
	7.08695056592466	0.84249729189725	0.150788549712099	0.131997810306754	0.168563952319025
	7.22027656077956	0.860553899852476	0.16835900711907	0.136771737208893	0.094584180208847
	7.35360255563447	0.878405938456825	0.175975090033573	0.128907236358061	0.0197762567030439
	7.48692855048938	0.894362895137678	0.173707666717293	0.108354892017735	-0.053386840335346
	7.6025133266289	0.905364865056065	0.163974144943808	0.0805096940375915	-0.114716643284161
	7.69531099612628	0.911551162885522	0.151089059411633	0.0519775908505427	-0.162904350287939
	7.77435525845124	0.914579476238795	0.136589871018728	0.0242228324009856	-0.204075618364382
	7.83439961456155	0.915368305068842	0.123376580068933	0.00198911169729649	-0.236243995105129
	7.88117410681272	0.915058305145159	0.111719412249831	-0.0151311686956501	-0.262399124729109
	7.92935437790765	0.913928638973743	0.0983990282985029	-0.0314116138914227	-0.290825558114329
	7.96873905536425	0.912464153703019	0.0864649249633779	-0.0425114632752435	-0.315410280642492
	8.00914846208684	0.910573261109264	0.0731892278659939	-0.0503312014540324	-0.341817225700947
	8.04177756424186	0.908880184652321	0.0616810974068606	-0.052767050085688	-0.363578594313868
	8.07546800763271	0.907126004788592	0.0490590707373656	-0.0504675710504764	-0.385515521425381
	8.10915845102357	0.905544408113845	0.0357285045529635	-0.0424271813524723	-0.4053110187323
	8.14284889441442	0.90433275316944	0.02179818616277	-0.0285989697268348	-0.420706378155066
	8.17653933780528	0.903668201225602	0.00745776171100682	-0.0102970653708887	-0.429286875954031
	8.2065090180396	0.903626523566072	-0.0054334304723059	0.00754831891076791	-0.429834068438769
	8.23710489553311	0.904125754714736	-0.0185030909372344	0.024702711139899	-0.423383328073924
	8.26770077302663	0.905104387865214	-0.031279213170085	0.0385817692434755	-0.410898025570889
	8.30023535638948	0.906532827938084	-0.0443658248518798	0.0483054965743946	-0.392955591319877
	8.3359733559064	0.90835622428244	-0.0580088271210383	0.0526732238268036	-0.370213362568777
	8.37171135542332	0.910228050171843	-0.0708149644076707	0.0512107542049114	-0.346413260217827
	8.40744935494023	0.911962725350895	-0.0827723754348722	0.0452279815390992	-0.322867534111282
	8.44315534760003	0.913421602310044	-0.0938930234248272	0.0360560855858731	-0.300199249762529
	8.4820410435751	0.914589982443511	-0.105105115656251	0.0237247454748401	-0.27666913038152
	8.52456161952891	0.915282701494619	-0.116344888826315	0.00867384899255403	-0.252205408206035
	8.57104519750893	0.915287282403769	-0.127470148909813	-0.008529496600001	-0.226641824281308
	8.62120962466383	0.914393557871258	-0.138167642393719	-0.027027697042139	-0.199976458809157
	8.67886570299645	0.912242731423193	-0.148829898588123	-0.0473599542615939	-0.169946849557911
	8.74979152242906	0.908058487187238	-0.159581038347011	-0.0701683065282291	-0.133202027213579
	8.83581804503461	0.900973223530016	-0.169107533002597	-0.0937594736528575	-0.0881334859990974
	8.93850868660419	0.890171430609951	-0.175340191633298	-0.115395033453305	-0.0329857679555219
	9.05568599915549	0.875640587843691	-0.175428299909335	-0.130986719167251	0.0317608010034005
	9.18116592078827	0.858721827034378	-0.167024968164224	-0.136804754981794	0.102228874148584
	9.30835385006262	0.84155168704376	-0.149519913443238	-0.131286903035451	0.172600119489701
	9.43554177933697	0.825806410468702	-0.12331601708994	-0.11443355686173	0.238286747311973
	9.54369409819914	0.814603363101773	-0.0948498439594872	-0.0914525629332557	0.286617787953657
	9.65524670995265	0.806080498897625	-0.0606188711200432	-0.0601814190060147	0.324723222755436
	9.74718891618631	0.801914830090124	-0.0297864876197169	-0.0298995039784118	0.34389890047784
	9.83267051032246	0.800640400721778	-4.8259319518578e-05	0.000246311197180777	0.349888988193123
